1,1,210.02,170.93,45.82,130.72,-1,-1,-1,-1
2,1,204.95,169.24,45.94,133.59,-1,-1,-1,-1
3,1,199.77,168.46,45.45,130.57,-1,-1,-1,-1
4,1,194.74,165.28,45.33,131.37,-1,-1,-1,-1
5,1,191.61,167.41,46.16,132.56,-1,-1,-1,-1
6,1,187.48,168.15,43.63,125.19,-1,-1,-1,-1
7,1,181.10,163.08,45.65,130.12,-1,-1,-1,-1
8,1,175.95,159.92,45.76,131.26,-1,-1,-1,-1
9,1,172.24,154.62,47.27,136.83,-1,-1,-1,-1
10,1,167.90,155.32,45.97,134.99,-1,-1,-1,-1
11,1,165.40,156.98,45.28,131.79,-1,-1,-1,-1
12,1,163.87,158.01,42.39,124.20,-1,-1,-1,-1
13,1,162.56,160.96,40.19,118.14,-1,-1,-1,-1
14,1,162.04,161.28,40.59,117.23,-1,-1,-1,-1
15,1,157.10,160.71,40.51,118.69,-1,-1,-1,-1
16,1,154.48,157.64,40.62,119.70,-1,-1,-1,-1
17,1,149.67,156.04,39.80,117.55,-1,-1,-1,-1
18,1,148.78,155.11,41.06,119.62,-1,-1,-1,-1
19,1,145.62,153.14,41.94,123.10,-1,-1,-1,-1
20,1,140.47,150.95,42.14,122.64,-1,-1,-1,-1
21,1,140.79,152.82,41.04,119.09,-1,-1,-1,-1
1,2,159.87,163.36,50.21,145.00,-1,-1,-1,-1
2,2,155.40,165.25,49.39,141.73,-1,-1,-1,-1
3,2,152.33,163.72,49.71,139.36,-1,-1,-1,-1
4,2,150.13,162.33,48.54,137.22,-1,-1,-1,-1
5,2,144.93,160.22,48.65,140.97,-1,-1,-1,-1
6,2,137.89,162.44,47.36,136.38,-1,-1,-1,-1
7,2,134.92,160.96,47.38,133.99,-1,-1,-1,-1
8,2,129.13,157.30,48.11,136.11,-1,-1,-1,-1
9,2,122.24,157.67,46.75,135.47,-1,-1,-1,-1
10,2,119.47,158.10,46.17,129.81,-1,-1,-1,-1
11,2,114.64,158.04,45.65,129.78,-1,-1,-1,-1
12,2,110.61,149.23,48.27,136.43,-1,-1,-1,-1
13,2,108.33,152.50,46.97,130.00,-1,-1,-1,-1
14,2,106.01,155.61,45.93,128.63,-1,-1,-1,-1
15,2,103.10,161.83,41.68,121.17,-1,-1,-1,-1
16,2,99.35,158.67,43.27,122.22,-1,-1,-1,-1
17,2,93.02,150.78,45.85,132.85,-1,-1,-1,-1
18,2,91.28,152.20,44.06,125.67,-1,-1,-1,-1
19,2,89.22,151.75,42.97,125.65,-1,-1,-1,-1
20,2,82.85,146.32,45.18,131.47,-1,-1,-1,-1
21,2,81.27,150.46,43.04,123.13,-1,-1,-1,-1
1,3,292.69,192.10,25.55,72.53,-1,-1,-1,-1
2,3,288.30,195.11,23.68,70.37,-1,-1,-1,-1
3,3,279.94,192.76,24.50,70.66,-1,-1,-1,-1
4,3,276.43,188.68,25.69,74.14,-1,-1,-1,-1
5,3,272.39,192.56,23.93,70.49,-1,-1,-1,-1
6,3,264.44,190.52,23.47,68.72,-1,-1,-1,-1
7,3,258.09,184.05,25.27,72.86,-1,-1,-1,-1
8,3,253.10,184.06,24.40,71.57,-1,-1,-1,-1
9,3,244.91,180.13,25.13,74.41,-1,-1,-1,-1
10,3,238.90,179.07,26.21,76.91,-1,-1,-1,-1
11,3,231.34,179.79,25.71,75.22,-1,-1,-1,-1
12,3,228.40,178.36,26.64,77.95,-1,-1,-1,-1
13,3,225.73,179.75,26.16,74.48,-1,-1,-1,-1
14,3,223.26,180.30,25.26,73.22,-1,-1,-1,-1
15,3,217.93,181.45,25.19,71.23,-1,-1,-1,-1
16,3,212.97,177.89,25.29,73.01,-1,-1,-1,-1
17,3,210.35,179.43,24.69,69.79,-1,-1,-1,-1
18,3,206.24,172.45,27.63,78.79,-1,-1,-1,-1
19,3,201.70,175.47,25.63,73.28,-1,-1,-1,-1
1,4,518.60,61.42,155.27,333.44,-1,-1,-1,-1
2,4,497.52,50.90,165.25,359.66,-1,-1,-1,-1
3,4,497.04,67.38,155.58,342.56,-1,-1,-1,-1
4,4,480.39,60.39,162.53,356.46,-1,-1,-1,-1
5,4,463.67,58.32,163.81,355.45,-1,-1,-1,-1
6,4,447.74,66.33,158.67,350.05,-1,-1,-1,-1
7,4,437.54,66.05,151.99,339.79,-1,-1,-1,-1
8,4,425.16,64.10,145.18,338.27,-1,-1,-1,-1
9,4,411.20,67.46,140.63,326.11,-1,-1,-1,-1
10,4,395.44,74.30,140.06,328.48,-1,-1,-1,-1
11,4,377.32,73.10,139.02,330.79,-1,-1,-1,-1
12,4,367.23,68.50,137.81,329.39,-1,-1,-1,-1
13,4,359.37,68.28,131.94,318.92,-1,-1,-1,-1
14,4,343.80,73.64,125.90,308.33,-1,-1,-1,-1
4,5,250.44,202.14,13.78,40.82,-1,-1,-1,-1
5,5,244.85,201.75,14.19,41.30,-1,-1,-1,-1
16,6,307.47,72.86,134.79,315.66,-1,-1,-1,-1
18,7,197.62,174.94,23.68,69.00,-1,-1,-1,-1
19,8,554.38,114.26,105.07,270.26,-1,-1,-1,-1
20,8,548.59,107.80,111.57,278.19,-1,-1,-1,-1
23,9,251.47,59.94,139.51,320.16,-1,-1,-1,-1
24,9,255.35,71.67,121.44,301.60,-1,-1,-1,-1
25,9,245.11,64.90,131.28,315.20,-1,-1,-1,-1
26,9,245.65,69.99,125.02,310.63,-1,-1,-1,-1
27,9,243.52,71.75,124.13,307.12,-1,-1,-1,-1
28,9,242.32,75.66,121.12,304.68,-1,-1,-1,-1
29,9,239.03,70.91,122.42,308.93,-1,-1,-1,-1
30,9,235.35,70.44,124.61,310.33,-1,-1,-1,-1
31,9,237.87,76.94,119.72,302.53,-1,-1,-1,-1
32,9,239.00,74.34,122.46,307.47,-1,-1,-1,-1
33,9,239.51,71.84,126.67,312.29,-1,-1,-1,-1
34,9,240.97,73.62,124.01,308.78,-1,-1,-1,-1
35,9,244.24,69.97,128.17,310.47,-1,-1,-1,-1
36,9,249.78,65.23,127.33,309.21,-1,-1,-1,-1
37,9,253.01,70.97,126.34,308.56,-1,-1,-1,-1
38,9,254.83,71.91,133.39,317.25,-1,-1,-1,-1
39,9,259.04,70.79,135.61,319.49,-1,-1,-1,-1
40,9,262.95,72.90,138.65,325.90,-1,-1,-1,-1
41,9,264.82,65.58,139.99,324.79,-1,-1,-1,-1
42,9,273.44,66.23,133.34,323.51,-1,-1,-1,-1
43,9,271.32,64.55,137.81,332.08,-1,-1,-1,-1
44,9,272.51,64.20,140.75,332.78,-1,-1,-1,-1
45,9,269.87,63.35,140.77,334.67,-1,-1,-1,-1
46,9,267.28,64.09,140.74,333.22,-1,-1,-1,-1
47,9,264.84,67.00,140.01,332.70,-1,-1,-1,-1
48,9,266.67,66.32,141.80,333.83,-1,-1,-1,-1
49,9,260.24,65.37,144.21,335.72,-1,-1,-1,-1
50,9,254.37,63.00,144.85,340.51,-1,-1,-1,-1
51,9,252.15,65.43,144.11,335.90,-1,-1,-1,-1
52,9,250.72,58.76,152.44,343.35,-1,-1,-1,-1
53,9,252.66,57.20,148.49,341.22,-1,-1,-1,-1
54,9,248.94,58.05,150.32,345.00,-1,-1,-1,-1
55,9,249.05,56.34,149.95,343.31,-1,-1,-1,-1
56,9,247.03,50.59,159.38,354.53,-1,-1,-1,-1
25,10,190.45,176.48,27.39,81.42,-1,-1,-1,-1
26,10,191.48,181.04,25.32,72.57,-1,-1,-1,-1
27,10,193.52,175.52,26.85,78.29,-1,-1,-1,-1
28,10,196.23,179.91,26.37,74.25,-1,-1,-1,-1
29,10,195.73,177.22,27.11,75.45,-1,-1,-1,-1
30,10,200.19,184.27,24.23,70.87,-1,-1,-1,-1
31,10,208.50,186.67,22.86,66.33,-1,-1,-1,-1
32,10,214.05,187.25,22.76,65.10,-1,-1,-1,-1
33,10,211.79,183.14,22.11,68.19,-1,-1,-1,-1
25,11,140.96,154.75,40.78,119.65,-1,-1,-1,-1
26,11,144.12,159.61,38.97,115.54,-1,-1,-1,-1
27,11,144.66,160.05,38.66,114.74,-1,-1,-1,-1
28,11,146.39,161.20,40.76,118.05,-1,-1,-1,-1
29,11,147.11,162.10,39.25,115.88,-1,-1,-1,-1
30,11,150.09,161.30,38.53,112.62,-1,-1,-1,-1
31,11,155.81,162.91,38.11,114.19,-1,-1,-1,-1
32,11,162.84,162.23,39.69,115.72,-1,-1,-1,-1
33,11,170.43,159.48,40.59,116.22,-1,-1,-1,-1
34,11,179.28,161.77,38.72,111.56,-1,-1,-1,-1
35,11,187.27,164.76,39.31,115.75,-1,-1,-1,-1
36,11,195.54,162.87,38.47,114.17,-1,-1,-1,-1
37,11,203.85,165.30,37.24,109.15,-1,-1,-1,-1
38,11,211.48,164.40,38.39,111.81,-1,-1,-1,-1
39,11,218.67,171.90,34.53,101.89,-1,-1,-1,-1
40,11,226.86,178.84,34.42,103.60,-1,-1,-1,-1
41,11,232.90,179.74,32.54,96.82,-1,-1,-1,-1
42,11,239.63,173.97,34.53,102.60,-1,-1,-1,-1
43,11,243.86,175.75,31.97,94.30,-1,-1,-1,-1
44,11,245.98,177.13,32.70,96.24,-1,-1,-1,-1
45,11,240.98,174.46,32.93,97.10,-1,-1,-1,-1
46,11,239.51,170.01,35.56,105.61,-1,-1,-1,-1
47,11,239.53,173.21,35.09,104.10,-1,-1,-1,-1
48,11,241.72,169.41,36.28,106.54,-1,-1,-1,-1
49,11,236.88,169.92,35.70,105.74,-1,-1,-1,-1
25,12,355.33,154.52,59.64,168.02,-1,-1,-1,-1
26,12,350.82,155.76,58.20,165.83,-1,-1,-1,-1
27,12,349.58,156.50,60.48,164.28,-1,-1,-1,-1
28,12,345.80,153.32,62.70,170.80,-1,-1,-1,-1
29,12,343.48,152.65,62.27,172.03,-1,-1,-1,-1
30,12,344.28,154.10,60.83,169.20,-1,-1,-1,-1
31,12,348.46,145.50,68.11,181.11,-1,-1,-1,-1
32,12,355.31,148.01,64.94,175.74,-1,-1,-1,-1
27,13,93.53,150.29,44.71,128.62,-1,-1,-1,-1
28,13,94.35,153.04,43.28,123.60,-1,-1,-1,-1
29,13,97.64,153.91,42.03,121.69,-1,-1,-1,-1
30,13,103.59,157.88,40.57,118.54,-1,-1,-1,-1
31,13,114.55,162.38,39.66,114.85,-1,-1,-1,-1
32,13,123.00,164.33,38.62,110.76,-1,-1,-1,-1
33,13,130.01,162.19,40.67,115.35,-1,-1,-1,-1
34,13,137.35,159.30,42.40,121.32,-1,-1,-1,-1
35,13,148.75,161.61,40.84,117.42,-1,-1,-1,-1
36,13,156.92,158.74,40.78,117.33,-1,-1,-1,-1
29,14,471.39,89.88,121.37,302.56,-1,-1,-1,-1
29,15,469.87,99.06,114.24,289.52,-1,-1,-1,-1
30,15,462.80,93.26,123.18,301.09,-1,-1,-1,-1
31,15,467.06,91.86,119.92,293.54,-1,-1,-1,-1
32,15,467.62,88.15,129.50,306.35,-1,-1,-1,-1
33,15,471.60,94.54,126.89,304.22,-1,-1,-1,-1
34,15,471.49,93.58,126.92,300.98,-1,-1,-1,-1
35,15,475.05,97.88,125.28,302.99,-1,-1,-1,-1
38,16,382.65,140.60,69.50,190.69,-1,-1,-1,-1
39,16,388.47,133.74,73.55,199.44,-1,-1,-1,-1
40,16,395.43,152.94,65.07,182.10,-1,-1,-1,-1
41,16,395.87,143.54,69.37,190.50,-1,-1,-1,-1
39,17,252.44,186.91,21.13,65.55,-1,-1,-1,-1
39,18,486.24,88.99,140.11,320.75,-1,-1,-1,-1
40,18,495.06,93.56,133.11,311.62,-1,-1,-1,-1
41,18,484.27,96.17,133.56,311.63,-1,-1,-1,-1
42,18,483.73,97.19,129.22,314.81,-1,-1,-1,-1
43,18,485.30,98.27,126.03,301.82,-1,-1,-1,-1
44,18,481.20,104.27,123.44,300.61,-1,-1,-1,-1
44,19,402.61,149.72,71.99,188.82,-1,-1,-1,-1
50,20,449.87,97.02,127.22,304.25,-1,-1,-1,-1
51,20,442.57,91.52,131.42,315.37,-1,-1,-1,-1
52,20,439.89,90.55,136.72,322.70,-1,-1,-1,-1
53,20,428.28,102.72,122.88,298.25,-1,-1,-1,-1
54,20,426.90,98.28,120.14,302.13,-1,-1,-1,-1
55,20,418.80,97.09,125.87,304.09,-1,-1,-1,-1
56,20,412.42,87.73,133.03,317.52,-1,-1,-1,-1
57,20,421.14,88.39,131.88,316.44,-1,-1,-1,-1
60,21,530.92,71.57,130.54,307.68,-1,-1,-1,-1
61,21,426.43,87.79,131.22,317.13,-1,-1,-1,-1
62,21,518.86,78.04,133.22,305.25,-1,-1,-1,-1
60,22,249.61,48.24,159.68,359.54,-1,-1,-1,-1
61,22,254.19,52.84,150.32,350.18,-1,-1,-1,-1
62,22,256.57,53.35,145.52,338.72,-1,-1,-1,-1
63,22,253.11,60.69,141.45,329.28,-1,-1,-1,-1
64,22,245.01,60.74,147.39,334.44,-1,-1,-1,-1
65,22,236.99,59.94,152.99,341.47,-1,-1,-1,-1
66,22,235.96,68.65,149.78,334.86,-1,-1,-1,-1
67,22,219.93,54.46,160.35,352.52,-1,-1,-1,-1
68,22,224.23,61.27,146.25,333.82,-1,-1,-1,-1
69,22,240.92,79.93,112.66,280.45,-1,-1,-1,-1
62,23,416.90,85.19,134.75,327.89,-1,-1,-1,-1
63,23,414.34,89.17,129.12,319.66,-1,-1,-1,-1
64,23,486.15,74.08,150.93,334.70,-1,-1,-1,-1
66,24,379.36,96.00,130.34,311.86,-1,-1,-1,-1
67,24,376.07,105.30,125.78,309.50,-1,-1,-1,-1
68,24,365.45,95.91,131.11,312.20,-1,-1,-1,-1
69,24,359.66,83.67,142.75,336.53,-1,-1,-1,-1
66,25,477.32,75.03,152.32,332.90,-1,-1,-1,-1
68,26,478.02,76.46,140.28,324.57,-1,-1,-1,-1
69,26,475.52,87.68,129.61,312.88,-1,-1,-1,-1
70,26,461.68,78.60,146.55,336.22,-1,-1,-1,-1
72,27,442.67,83.01,147.05,327.36,-1,-1,-1,-1
75,28,355.12,79.70,146.02,338.92,-1,-1,-1,-1
76,28,358.45,85.31,139.50,332.98,-1,-1,-1,-1
77,28,352.54,75.61,151.34,347.20,-1,-1,-1,-1
78,28,352.29,84.23,146.88,335.17,-1,-1,-1,-1
79,28,350.02,74.01,156.33,350.54,-1,-1,-1,-1
80,28,351.90,94.47,131.64,320.04,-1,-1,-1,-1
81,28,350.72,86.34,139.33,331.21,-1,-1,-1,-1
82,28,350.58,81.53,144.94,335.60,-1,-1,-1,-1
76,29,236.40,86.22,100.46,252.13,-1,-1,-1,-1
77,29,228.18,77.26,111.76,275.08,-1,-1,-1,-1
78,29,231.00,77.14,111.12,275.39,-1,-1,-1,-1
76,30,436.31,92.02,138.52,309.48,-1,-1,-1,-1
77,30,437.27,88.34,136.56,316.73,-1,-1,-1,-1
78,30,436.17,89.10,138.56,320.55,-1,-1,-1,-1
79,30,433.86,89.19,143.36,320.33,-1,-1,-1,-1
80,30,447.30,89.05,126.92,293.96,-1,-1,-1,-1
81,30,449.93,88.56,127.21,305.45,-1,-1,-1,-1
82,30,449.23,83.64,133.98,320.65,-1,-1,-1,-1
83,30,456.35,83.91,130.50,314.86,-1,-1,-1,-1
84,30,458.33,80.57,137.34,332.39,-1,-1,-1,-1
85,30,459.95,75.03,134.17,327.35,-1,-1,-1,-1
86,30,460.45,75.92,138.24,325.62,-1,-1,-1,-1
87,30,450.57,73.90,147.06,329.68,-1,-1,-1,-1
88,30,377.06,81.94,134.05,318.50,-1,-1,-1,-1
89,30,373.15,76.39,142.22,334.67,-1,-1,-1,-1
90,30,370.46,73.87,142.21,339.74,-1,-1,-1,-1
91,30,366.35,77.88,145.16,342.34,-1,-1,-1,-1
92,30,356.26,77.48,149.50,343.69,-1,-1,-1,-1
93,30,354.96,80.08,146.89,343.85,-1,-1,-1,-1
94,30,368.26,75.72,152.08,342.10,-1,-1,-1,-1
88,31,455.73,82.86,131.43,306.07,-1,-1,-1,-1
89,31,458.62,83.08,136.35,311.14,-1,-1,-1,-1
91,32,462.14,76.38,140.04,319.25,-1,-1,-1,-1
92,32,466.03,76.34,137.84,319.35,-1,-1,-1,-1
93,32,466.45,77.08,142.13,323.07,-1,-1,-1,-1
94,32,482.92,88.34,125.34,300.72,-1,-1,-1,-1
95,32,481.66,77.42,144.16,333.40,-1,-1,-1,-1
96,32,482.97,80.22,136.40,322.46,-1,-1,-1,-1
97,32,484.92,81.03,137.80,320.71,-1,-1,-1,-1
98,32,485.43,83.32,142.15,326.93,-1,-1,-1,-1
96,33,73.33,79.01,133.87,313.76,-1,-1,-1,-1
97,33,83.27,84.57,134.94,307.90,-1,-1,-1,-1
98,33,89.16,76.71,144.51,323.65,-1,-1,-1,-1
96,34,-0.14,126.88,88.42,229.13,-1,-1,-1,-1
97,34,-17.56,120.01,96.91,248.23,-1,-1,-1,-1
101,35,172.33,54.50,159.55,352.26,-1,-1,-1,-1
102,35,177.29,53.60,166.17,364.65,-1,-1,-1,-1
103,35,183.09,55.20,165.08,361.81,-1,-1,-1,-1
104,35,182.66,53.66,165.76,359.44,-1,-1,-1,-1
105,35,179.43,45.68,172.36,370.05,-1,-1,-1,-1
106,35,186.78,53.19,163.25,360.11,-1,-1,-1,-1
107,35,187.08,53.96,167.80,364.13,-1,-1,-1,-1
108,35,190.80,41.86,176.23,377.63,-1,-1,-1,-1
109,35,196.38,44.50,175.69,377.61,-1,-1,-1,-1
110,35,201.53,49.10,175.82,368.61,-1,-1,-1,-1
111,35,206.20,55.28,166.94,366.81,-1,-1,-1,-1
112,35,209.88,50.17,169.73,366.49,-1,-1,-1,-1
113,35,211.87,47.13,170.98,367.20,-1,-1,-1,-1
114,35,216.02,53.82,162.73,348.44,-1,-1,-1,-1
115,35,207.52,55.72,163.68,349.91,-1,-1,-1,-1
116,35,197.05,52.47,168.70,356.22,-1,-1,-1,-1
117,35,194.92,47.57,172.95,366.11,-1,-1,-1,-1
118,35,185.28,47.73,176.74,376.59,-1,-1,-1,-1
119,35,181.73,53.18,173.44,370.99,-1,-1,-1,-1
120,35,182.29,52.20,177.61,373.17,-1,-1,-1,-1
107,36,137.88,90.60,105.89,264.44,-1,-1,-1,-1
108,36,143.13,87.83,100.80,259.21,-1,-1,-1,-1
109,36,147.25,97.74,108.39,276.50,-1,-1,-1,-1
110,36,142.27,91.96,123.82,298.63,-1,-1,-1,-1
111,36,145.36,99.61,122.95,299.08,-1,-1,-1,-1
109,37,125.63,159.71,49.98,147.35,-1,-1,-1,-1
111,38,355.89,84.34,144.85,329.94,-1,-1,-1,-1
112,38,357.02,82.86,148.05,332.73,-1,-1,-1,-1
113,39,104.30,173.23,55.34,157.31,-1,-1,-1,-1
113,40,152.88,106.52,107.63,269.61,-1,-1,-1,-1
116,41,331.14,79.26,140.93,329.23,-1,-1,-1,-1
117,41,322.91,83.20,141.30,331.98,-1,-1,-1,-1
118,41,408.89,83.14,139.92,316.64,-1,-1,-1,-1
119,41,411.75,86.89,139.57,319.66,-1,-1,-1,-1
120,41,408.34,81.89,146.16,324.18,-1,-1,-1,-1
121,41,416.52,80.82,140.35,315.69,-1,-1,-1,-1
122,41,419.82,75.26,144.64,326.72,-1,-1,-1,-1
123,41,433.31,79.04,139.24,319.25,-1,-1,-1,-1
124,41,433.72,72.42,149.07,337.81,-1,-1,-1,-1
125,41,441.03,80.17,145.28,333.09,-1,-1,-1,-1
126,41,451.39,86.46,140.53,325.89,-1,-1,-1,-1
127,41,450.81,83.52,146.88,336.92,-1,-1,-1,-1
120,42,110.83,133.64,58.56,167.43,-1,-1,-1,-1
121,42,112.32,128.55,60.64,172.83,-1,-1,-1,-1
122,42,115.47,135.69,59.91,169.14,-1,-1,-1,-1
123,42,115.71,130.22,64.89,179.98,-1,-1,-1,-1
124,42,118.21,134.18,65.09,177.19,-1,-1,-1,-1
125,42,113.64,127.67,68.88,190.17,-1,-1,-1,-1
126,42,111.87,129.52,67.32,186.17,-1,-1,-1,-1
127,42,104.67,116.82,76.40,206.38,-1,-1,-1,-1
128,42,106.60,120.14,72.71,200.28,-1,-1,-1,-1
129,42,108.87,115.81,72.99,203.42,-1,-1,-1,-1
130,42,105.53,113.62,74.56,207.54,-1,-1,-1,-1
131,42,100.62,102.22,78.70,214.54,-1,-1,-1,-1
132,42,93.98,95.73,81.26,222.15,-1,-1,-1,-1
133,42,81.82,96.29,84.64,231.42,-1,-1,-1,-1
134,42,68.90,90.83,89.01,242.49,-1,-1,-1,-1
135,42,56.62,95.00,92.28,244.50,-1,-1,-1,-1
125,43,220.82,40.41,185.25,380.70,-1,-1,-1,-1
126,43,226.50,46.59,184.73,384.33,-1,-1,-1,-1
127,43,239.85,48.23,184.76,381.05,-1,-1,-1,-1
128,43,254.56,43.00,187.52,391.53,-1,-1,-1,-1
129,43,259.92,41.37,187.67,395.13,-1,-1,-1,-1
126,44,183.21,142.63,57.57,165.54,-1,-1,-1,-1
127,44,188.75,147.19,56.68,161.88,-1,-1,-1,-1
128,44,190.74,141.38,58.23,168.13,-1,-1,-1,-1
129,44,191.16,135.44,62.58,174.43,-1,-1,-1,-1
130,44,193.70,136.32,63.42,177.98,-1,-1,-1,-1
131,45,479.28,58.60,164.48,354.94,-1,-1,-1,-1
132,45,497.45,68.94,154.89,339.36,-1,-1,-1,-1
133,45,501.70,72.22,157.25,333.24,-1,-1,-1,-1
132,46,188.23,112.06,69.15,194.72,-1,-1,-1,-1
133,46,185.55,110.30,73.81,203.66,-1,-1,-1,-1
134,46,180.00,111.28,74.64,206.95,-1,-1,-1,-1
135,46,175.40,111.82,78.74,216.31,-1,-1,-1,-1
136,46,169.04,109.72,80.60,221.31,-1,-1,-1,-1
137,46,164.42,107.01,84.61,231.52,-1,-1,-1,-1
138,46,158.03,106.92,86.92,237.10,-1,-1,-1,-1
139,46,150.59,110.59,86.07,235.19,-1,-1,-1,-1
140,46,147.65,98.94,91.53,242.44,-1,-1,-1,-1
141,46,141.28,97.23,93.29,245.57,-1,-1,-1,-1
132,47,275.37,44.31,177.51,373.18,-1,-1,-1,-1
133,47,276.65,38.98,180.47,378.43,-1,-1,-1,-1
134,47,277.35,45.14,178.98,371.24,-1,-1,-1,-1
135,47,262.14,34.94,193.64,397.20,-1,-1,-1,-1
136,47,261.76,49.92,183.63,377.91,-1,-1,-1,-1
137,48,39.29,97.80,95.03,249.96,-1,-1,-1,-1
139,49,10.80,86.01,109.27,278.90,-1,-1,-1,-1
140,49,4.48,89.09,105.90,272.52,-1,-1,-1,-1
141,49,-4.56,94.36,108.26,277.88,-1,-1,-1,-1
145,50,87.88,76.77,114.83,281.06,-1,-1,-1,-1
151,51,234.97,50.27,183.90,377.06,-1,-1,-1,-1
152,51,236.00,58.90,176.38,365.02,-1,-1,-1,-1
151,52,413.47,78.97,141.34,319.44,-1,-1,-1,-1
162,53,211.50,134.39,54.04,155.35,-1,-1,-1,-1
163,53,205.23,134.85,56.33,159.88,-1,-1,-1,-1
164,53,206.10,132.30,59.59,170.07,-1,-1,-1,-1
165,53,199.91,138.43,61.52,173.94,-1,-1,-1,-1
166,53,193.76,133.26,63.13,178.92,-1,-1,-1,-1
167,53,193.22,146.25,59.35,169.06,-1,-1,-1,-1
168,53,181.13,131.85,67.12,186.99,-1,-1,-1,-1
169,53,177.83,141.00,63.01,173.79,-1,-1,-1,-1
162,54,490.48,69.59,136.83,311.60,-1,-1,-1,-1
163,54,487.94,75.61,131.21,299.60,-1,-1,-1,-1
164,54,480.32,83.15,130.51,300.53,-1,-1,-1,-1
171,55,137.33,134.25,69.30,192.87,-1,-1,-1,-1
172,55,116.21,114.41,79.88,216.61,-1,-1,-1,-1
173,55,103.59,131.37,72.88,198.52,-1,-1,-1,-1
177,56,17.08,100.19,102.12,266.42,-1,-1,-1,-1
178,56,7.45,105.36,99.94,261.23,-1,-1,-1,-1
179,56,-15.21,88.92,118.67,294.22,-1,-1,-1,-1
180,56,-19.73,96.05,116.93,290.69,-1,-1,-1,-1
179,57,162.41,144.89,56.70,161.17,-1,-1,-1,-1
180,57,157.93,149.74,55.18,157.09,-1,-1,-1,-1
181,57,153.28,144.74,58.80,166.89,-1,-1,-1,-1
182,57,147.80,149.35,59.07,168.28,-1,-1,-1,-1
183,57,147.22,143.21,60.43,170.04,-1,-1,-1,-1
184,57,141.95,141.22,65.27,184.30,-1,-1,-1,-1
185,57,133.84,144.25,65.96,183.72,-1,-1,-1,-1
186,57,127.57,138.79,72.97,200.11,-1,-1,-1,-1
183,58,202.39,48.53,190.48,380.52,-1,-1,-1,-1
194,59,169.21,114.66,107.31,269.27,-1,-1,-1,-1
195,59,170.53,107.46,104.70,267.72,-1,-1,-1,-1
196,59,170.54,106.98,104.79,268.83,-1,-1,-1,-1
197,59,170.19,109.68,100.11,263.48,-1,-1,-1,-1
198,59,166.18,98.64,107.93,280.03,-1,-1,-1,-1
199,59,167.13,104.42,100.60,263.28,-1,-1,-1,-1
200,59,156.17,100.77,101.24,265.26,-1,-1,-1,-1
201,59,155.68,89.33,107.11,276.94,-1,-1,-1,-1
202,59,150.16,102.96,102.54,271.20,-1,-1,-1,-1
203,59,159.13,106.15,100.45,265.02,-1,-1,-1,-1
204,59,160.14,114.62,98.66,264.21,-1,-1,-1,-1
205,59,157.53,118.18,98.45,262.59,-1,-1,-1,-1
206,59,157.14,110.46,104.74,278.08,-1,-1,-1,-1
207,59,158.10,101.26,108.26,285.64,-1,-1,-1,-1
208,59,161.48,103.46,106.60,281.12,-1,-1,-1,-1
209,59,163.22,95.04,108.69,282.09,-1,-1,-1,-1
210,59,167.78,105.10,104.94,267.09,-1,-1,-1,-1
211,59,181.46,112.53,104.09,268.47,-1,-1,-1,-1
212,59,189.49,116.76,103.90,264.93,-1,-1,-1,-1
213,59,4.80,65.77,175.32,351.46,-1,-1,-1,-1
214,59,11.51,56.73,183.12,369.54,-1,-1,-1,-1
215,59,24.77,61.59,172.70,359.61,-1,-1,-1,-1
216,59,47.19,62.74,170.25,357.22,-1,-1,-1,-1
217,59,229.02,112.62,93.99,246.64,-1,-1,-1,-1
218,59,231.59,119.65,88.73,227.23,-1,-1,-1,-1
219,59,229.75,110.91,92.69,239.56,-1,-1,-1,-1
220,59,226.62,109.95,93.51,246.65,-1,-1,-1,-1
221,59,216.96,109.28,96.79,253.31,-1,-1,-1,-1
222,59,209.27,107.79,101.55,256.14,-1,-1,-1,-1
223,59,205.05,113.63,99.25,255.31,-1,-1,-1,-1
224,59,203.80,117.68,96.23,247.29,-1,-1,-1,-1
225,59,198.01,121.75,97.42,254.98,-1,-1,-1,-1
226,59,193.31,115.11,101.29,262.75,-1,-1,-1,-1
227,59,188.82,112.42,99.55,257.57,-1,-1,-1,-1
228,59,189.25,120.88,88.17,235.41,-1,-1,-1,-1
229,59,195.01,125.25,82.01,221.68,-1,-1,-1,-1
230,59,198.50,132.25,80.34,218.31,-1,-1,-1,-1
231,59,197.95,132.70,81.33,222.79,-1,-1,-1,-1
232,59,191.81,130.11,82.80,227.85,-1,-1,-1,-1
233,59,186.09,126.54,83.86,229.71,-1,-1,-1,-1
234,59,185.29,128.38,85.47,231.31,-1,-1,-1,-1
235,59,184.02,124.13,88.09,234.33,-1,-1,-1,-1
236,59,183.07,127.88,84.67,226.78,-1,-1,-1,-1
237,59,185.33,128.93,85.13,224.55,-1,-1,-1,-1
238,59,189.61,126.54,82.06,218.99,-1,-1,-1,-1
195,60,137.78,159.56,47.10,136.61,-1,-1,-1,-1
196,60,134.87,153.09,47.35,139.07,-1,-1,-1,-1
197,60,131.22,150.68,49.70,144.01,-1,-1,-1,-1
198,60,127.16,139.53,52.50,150.50,-1,-1,-1,-1
199,60,119.15,139.53,52.50,150.52,-1,-1,-1,-1
200,60,111.73,139.98,51.54,149.63,-1,-1,-1,-1
201,60,98.45,136.47,56.66,162.18,-1,-1,-1,-1
202,60,87.13,136.80,68.36,187.91,-1,-1,-1,-1
203,60,84.62,135.74,73.27,195.51,-1,-1,-1,-1
202,61,239.35,103.93,94.73,248.15,-1,-1,-1,-1
203,61,244.19,111.34,90.15,238.77,-1,-1,-1,-1
204,61,241.92,107.73,100.13,261.96,-1,-1,-1,-1
205,61,239.01,112.62,100.92,262.99,-1,-1,-1,-1
206,61,239.71,116.42,94.24,250.13,-1,-1,-1,-1
207,61,243.58,108.59,96.91,254.89,-1,-1,-1,-1
208,61,242.33,107.28,94.16,247.01,-1,-1,-1,-1
209,61,237.90,95.25,103.04,265.54,-1,-1,-1,-1
210,61,245.04,108.69,99.04,254.34,-1,-1,-1,-1
211,61,258.35,111.03,99.20,255.28,-1,-1,-1,-1
212,61,266.31,119.83,93.99,242.85,-1,-1,-1,-1
213,61,273.35,122.01,90.59,238.39,-1,-1,-1,-1
214,61,281.32,118.63,90.62,240.15,-1,-1,-1,-1
215,61,289.04,113.46,91.34,239.85,-1,-1,-1,-1
216,61,294.94,116.21,90.33,239.86,-1,-1,-1,-1
217,61,299.34,118.57,86.94,234.97,-1,-1,-1,-1
218,61,299.02,119.84,87.39,232.41,-1,-1,-1,-1
219,61,297.48,117.39,85.12,231.91,-1,-1,-1,-1
220,61,298.13,116.57,83.83,228.18,-1,-1,-1,-1
221,61,293.49,115.28,87.75,230.76,-1,-1,-1,-1
222,61,287.90,114.70,88.40,231.96,-1,-1,-1,-1
223,61,284.98,114.42,88.63,232.57,-1,-1,-1,-1
224,61,280.59,116.99,86.93,232.89,-1,-1,-1,-1
225,61,282.23,120.77,83.36,225.26,-1,-1,-1,-1
226,61,278.88,125.74,85.11,220.24,-1,-1,-1,-1
227,61,270.84,123.75,85.12,224.34,-1,-1,-1,-1
228,61,266.43,126.25,83.03,225.12,-1,-1,-1,-1
229,61,265.07,128.25,80.37,221.24,-1,-1,-1,-1
230,61,261.57,128.22,82.13,226.65,-1,-1,-1,-1
231,61,263.42,137.03,78.46,214.09,-1,-1,-1,-1
232,61,253.58,124.31,82.04,223.79,-1,-1,-1,-1
233,61,253.54,128.64,76.61,209.69,-1,-1,-1,-1
234,61,252.01,130.30,80.01,217.03,-1,-1,-1,-1
235,61,249.16,136.56,75.19,209.81,-1,-1,-1,-1
236,61,246.87,130.87,79.74,215.77,-1,-1,-1,-1
237,61,252.61,132.06,78.43,213.50,-1,-1,-1,-1
238,61,258.11,130.75,73.27,200.18,-1,-1,-1,-1
239,61,264.40,122.97,76.37,210.20,-1,-1,-1,-1
240,61,269.42,123.66,77.19,208.74,-1,-1,-1,-1
241,61,267.88,131.25,74.64,204.38,-1,-1,-1,-1
242,61,266.42,129.60,77.46,213.34,-1,-1,-1,-1
243,61,267.29,134.91,75.97,208.02,-1,-1,-1,-1
244,61,266.09,133.80,72.93,204.86,-1,-1,-1,-1
245,61,265.50,132.78,74.31,206.82,-1,-1,-1,-1
246,61,269.49,132.55,71.73,202.11,-1,-1,-1,-1
247,61,270.99,126.55,74.05,208.42,-1,-1,-1,-1
248,61,274.28,129.71,72.42,202.23,-1,-1,-1,-1
249,61,273.77,134.06,73.86,203.93,-1,-1,-1,-1
250,61,278.46,133.70,69.90,194.07,-1,-1,-1,-1
251,61,284.48,132.06,68.42,191.86,-1,-1,-1,-1
252,61,282.43,126.36,72.54,203.78,-1,-1,-1,-1
253,61,284.48,145.92,67.96,190.77,-1,-1,-1,-1
254,61,286.04,141.35,70.24,194.88,-1,-1,-1,-1
255,61,286.35,133.54,69.91,194.47,-1,-1,-1,-1
256,61,278.20,140.54,64.89,180.49,-1,-1,-1,-1
257,61,275.01,143.20,65.89,185.96,-1,-1,-1,-1
258,61,272.80,137.83,70.17,196.85,-1,-1,-1,-1
259,61,273.05,139.69,69.98,192.80,-1,-1,-1,-1
260,61,270.24,141.60,70.26,193.92,-1,-1,-1,-1
261,61,270.51,147.18,69.58,193.57,-1,-1,-1,-1
262,61,270.32,144.24,69.98,194.41,-1,-1,-1,-1
263,61,268.43,145.74,68.18,191.22,-1,-1,-1,-1
264,61,265.45,139.62,69.18,193.20,-1,-1,-1,-1
265,61,266.18,140.52,67.80,185.89,-1,-1,-1,-1
266,61,266.76,141.28,66.74,184.41,-1,-1,-1,-1
267,61,266.76,141.09,66.50,184.43,-1,-1,-1,-1
268,61,263.96,137.15,66.98,187.42,-1,-1,-1,-1
211,62,-20.41,58.54,182.83,365.74,-1,-1,-1,-1
214,63,200.82,111.69,107.53,269.63,-1,-1,-1,-1
217,64,61.56,72.52,162.86,343.02,-1,-1,-1,-1
218,64,65.35,65.93,165.94,350.74,-1,-1,-1,-1
219,64,78.40,72.04,167.11,349.61,-1,-1,-1,-1
220,64,78.51,58.88,177.38,359.88,-1,-1,-1,-1
221,64,83.31,64.07,172.90,354.72,-1,-1,-1,-1
226,65,61.04,58.34,179.84,366.26,-1,-1,-1,-1
227,65,64.16,61.13,173.67,360.55,-1,-1,-1,-1
228,65,55.12,63.64,170.77,360.95,-1,-1,-1,-1
229,65,58.89,71.54,157.45,339.50,-1,-1,-1,-1
230,65,55.83,73.24,163.93,352.42,-1,-1,-1,-1
231,65,56.43,72.30,162.43,348.89,-1,-1,-1,-1
232,65,53.48,78.25,157.90,342.31,-1,-1,-1,-1
233,65,54.24,79.82,156.53,339.04,-1,-1,-1,-1
234,65,52.20,74.44,165.48,350.04,-1,-1,-1,-1
236,66,57.81,66.90,164.74,349.05,-1,-1,-1,-1
237,66,65.56,69.17,159.75,339.00,-1,-1,-1,-1
238,66,68.03,67.29,165.70,348.21,-1,-1,-1,-1
239,66,74.52,68.14,163.29,341.18,-1,-1,-1,-1
240,66,78.71,59.09,170.75,359.14,-1,-1,-1,-1
241,66,72.90,59.62,167.10,358.36,-1,-1,-1,-1
242,66,77.12,73.04,159.03,347.31,-1,-1,-1,-1
243,66,75.95,71.01,161.14,351.39,-1,-1,-1,-1
244,66,34.34,123.34,72.49,204.39,-1,-1,-1,-1
245,66,20.43,116.05,79.09,219.32,-1,-1,-1,-1
246,66,10.91,107.62,87.45,235.72,-1,-1,-1,-1
240,67,198.98,126.00,79.09,214.34,-1,-1,-1,-1
241,67,200.12,131.26,76.81,209.40,-1,-1,-1,-1
242,67,201.53,134.58,74.18,203.08,-1,-1,-1,-1
243,67,194.71,133.46,82.57,220.78,-1,-1,-1,-1
244,67,70.81,61.81,165.64,359.04,-1,-1,-1,-1
245,67,200.92,129.24,80.86,218.95,-1,-1,-1,-1
246,67,204.88,134.20,78.09,214.27,-1,-1,-1,-1
247,67,208.96,129.06,75.57,203.40,-1,-1,-1,-1
248,67,211.54,132.84,75.51,206.09,-1,-1,-1,-1
249,67,214.54,135.61,74.94,200.61,-1,-1,-1,-1
245,68,69.21,63.15,169.09,367.14,-1,-1,-1,-1
246,68,74.24,70.46,164.31,357.71,-1,-1,-1,-1
247,68,81.56,73.40,160.34,351.87,-1,-1,-1,-1
248,68,84.12,69.17,166.32,360.42,-1,-1,-1,-1
249,68,87.43,67.03,164.95,354.15,-1,-1,-1,-1
250,68,90.37,56.55,174.80,364.43,-1,-1,-1,-1
251,68,99.08,60.02,167.75,357.63,-1,-1,-1,-1
252,68,95.51,53.80,174.88,370.07,-1,-1,-1,-1
251,69,218.43,123.29,77.72,209.37,-1,-1,-1,-1
252,69,224.96,126.09,75.21,209.01,-1,-1,-1,-1
253,69,224.72,138.81,75.77,210.20,-1,-1,-1,-1
254,69,230.14,139.36,75.68,209.22,-1,-1,-1,-1
255,69,230.67,138.28,74.68,206.31,-1,-1,-1,-1
256,69,223.43,134.33,78.32,213.87,-1,-1,-1,-1
257,69,221.40,135.39,77.45,211.72,-1,-1,-1,-1
258,69,222.27,137.38,75.54,207.83,-1,-1,-1,-1
259,69,222.90,137.67,74.31,201.93,-1,-1,-1,-1
260,69,219.20,139.22,76.36,204.25,-1,-1,-1,-1
261,69,218.61,142.82,77.62,207.90,-1,-1,-1,-1
262,69,215.95,146.04,77.69,206.69,-1,-1,-1,-1
251,70,394.34,110.82,110.06,261.16,-1,-1,-1,-1
253,71,386.46,118.09,115.35,267.73,-1,-1,-1,-1
254,71,392.88,127.60,107.62,259.63,-1,-1,-1,-1
255,71,393.03,114.25,112.73,264.64,-1,-1,-1,-1
256,71,384.86,106.90,118.49,274.17,-1,-1,-1,-1
257,71,383.64,116.71,110.07,265.34,-1,-1,-1,-1
258,71,386.01,119.17,110.59,260.16,-1,-1,-1,-1
259,71,388.93,122.48,110.56,259.16,-1,-1,-1,-1
254,72,104.49,58.75,172.78,364.97,-1,-1,-1,-1
255,72,105.83,69.01,164.99,355.53,-1,-1,-1,-1
256,72,100.31,68.79,160.17,350.13,-1,-1,-1,-1
257,72,93.67,72.81,157.65,342.37,-1,-1,-1,-1
258,72,94.68,69.74,155.32,348.41,-1,-1,-1,-1
259,72,95.09,74.71,154.64,343.82,-1,-1,-1,-1
260,72,86.78,66.57,160.47,354.79,-1,-1,-1,-1
261,72,91.63,79.40,150.86,339.65,-1,-1,-1,-1
262,72,87.08,68.98,160.20,355.23,-1,-1,-1,-1
263,72,88.56,62.91,162.48,361.86,-1,-1,-1,-1
264,72,83.89,66.08,166.53,366.83,-1,-1,-1,-1
265,72,80.18,64.45,168.50,353.93,-1,-1,-1,-1
266,72,85.43,61.87,168.20,358.85,-1,-1,-1,-1
267,72,90.46,63.83,163.43,349.70,-1,-1,-1,-1
268,72,87.68,57.20,168.98,362.90,-1,-1,-1,-1
269,72,89.62,64.39,164.97,348.57,-1,-1,-1,-1
270,72,91.63,68.55,160.87,345.51,-1,-1,-1,-1
271,72,91.86,66.16,160.79,350.20,-1,-1,-1,-1
272,72,88.64,63.17,162.17,351.02,-1,-1,-1,-1
273,72,93.06,71.71,153.40,339.09,-1,-1,-1,-1
274,72,100.72,70.23,154.06,347.50,-1,-1,-1,-1
275,72,105.10,78.10,150.65,342.37,-1,-1,-1,-1
276,72,103.85,65.93,158.42,356.01,-1,-1,-1,-1
277,72,110.98,75.84,154.94,346.88,-1,-1,-1,-1
278,72,123.05,78.23,152.06,342.11,-1,-1,-1,-1
279,72,126.94,69.34,160.33,360.02,-1,-1,-1,-1
280,72,128.27,63.29,162.74,361.42,-1,-1,-1,-1
281,72,134.71,73.39,155.50,346.55,-1,-1,-1,-1
282,72,137.91,64.25,164.55,348.66,-1,-1,-1,-1
283,72,136.66,65.17,161.62,346.99,-1,-1,-1,-1
284,72,141.68,71.69,156.96,344.50,-1,-1,-1,-1
285,72,142.88,70.35,154.68,341.86,-1,-1,-1,-1
286,72,146.01,80.94,148.83,331.51,-1,-1,-1,-1
287,72,135.61,76.57,153.57,334.96,-1,-1,-1,-1
288,72,131.62,79.95,156.23,333.59,-1,-1,-1,-1
289,72,128.66,77.88,151.46,332.16,-1,-1,-1,-1
290,72,119.74,71.51,153.32,339.68,-1,-1,-1,-1
291,72,115.05,68.90,157.34,344.89,-1,-1,-1,-1
292,72,114.83,71.83,152.20,338.92,-1,-1,-1,-1
293,72,106.66,64.38,157.74,348.61,-1,-1,-1,-1
294,72,106.48,64.17,163.22,354.14,-1,-1,-1,-1
295,72,105.34,68.25,155.43,346.24,-1,-1,-1,-1
296,72,114.71,69.65,157.88,354.03,-1,-1,-1,-1
297,72,119.67,65.04,152.83,352.43,-1,-1,-1,-1
298,72,121.98,63.18,153.96,350.94,-1,-1,-1,-1
299,72,125.64,71.36,151.92,345.38,-1,-1,-1,-1
300,72,130.92,80.22,146.54,338.27,-1,-1,-1,-1
301,72,133.19,84.93,142.42,334.19,-1,-1,-1,-1
302,72,126.54,77.08,145.38,344.55,-1,-1,-1,-1
303,72,128.58,75.45,146.13,342.58,-1,-1,-1,-1
304,72,128.15,74.82,147.21,343.78,-1,-1,-1,-1
305,72,133.38,76.47,141.82,334.79,-1,-1,-1,-1
306,72,134.93,82.51,143.77,333.69,-1,-1,-1,-1
307,72,137.95,86.34,138.09,325.67,-1,-1,-1,-1
308,72,139.60,82.38,139.80,328.34,-1,-1,-1,-1
309,72,134.51,79.69,144.75,333.79,-1,-1,-1,-1
310,72,133.83,77.48,146.21,338.21,-1,-1,-1,-1
311,72,137.71,73.40,148.95,340.98,-1,-1,-1,-1
312,72,141.71,84.35,141.08,329.81,-1,-1,-1,-1
313,72,139.46,92.03,134.79,319.68,-1,-1,-1,-1
314,72,137.11,78.82,144.80,324.81,-1,-1,-1,-1
315,72,136.64,95.38,135.23,312.97,-1,-1,-1,-1
316,72,136.86,94.54,134.82,314.52,-1,-1,-1,-1
317,72,132.82,93.53,132.54,311.48,-1,-1,-1,-1
318,72,129.78,100.92,128.10,301.84,-1,-1,-1,-1
319,72,128.18,95.64,131.30,312.46,-1,-1,-1,-1
320,72,125.86,96.76,130.57,315.59,-1,-1,-1,-1
321,72,121.73,95.94,128.22,317.15,-1,-1,-1,-1
322,72,121.83,95.63,127.91,312.41,-1,-1,-1,-1
323,72,121.22,91.64,129.16,314.99,-1,-1,-1,-1
324,72,118.59,80.47,139.81,332.01,-1,-1,-1,-1
325,72,121.27,80.26,139.64,332.71,-1,-1,-1,-1
326,72,122.66,75.24,142.02,337.41,-1,-1,-1,-1
327,72,131.09,81.85,135.81,324.25,-1,-1,-1,-1
328,72,140.00,87.24,128.31,313.48,-1,-1,-1,-1
329,72,140.16,90.58,133.56,317.34,-1,-1,-1,-1
330,72,137.68,84.70,138.39,323.75,-1,-1,-1,-1
331,72,147.62,91.23,134.26,315.91,-1,-1,-1,-1
332,72,156.58,90.09,132.67,312.91,-1,-1,-1,-1
333,72,165.60,89.60,125.58,303.16,-1,-1,-1,-1
334,72,171.92,85.26,123.68,306.63,-1,-1,-1,-1
335,72,177.49,82.55,123.15,306.77,-1,-1,-1,-1
336,72,184.78,85.72,119.22,305.91,-1,-1,-1,-1
337,72,194.22,91.56,115.78,294.07,-1,-1,-1,-1
338,72,191.15,91.82,122.30,309.59,-1,-1,-1,-1
339,72,197.30,89.12,120.45,304.11,-1,-1,-1,-1
340,72,198.00,85.17,124.35,312.20,-1,-1,-1,-1
341,72,199.27,82.22,122.16,307.73,-1,-1,-1,-1
342,72,206.37,75.53,118.40,305.13,-1,-1,-1,-1
343,72,212.78,79.54,115.94,296.95,-1,-1,-1,-1
344,72,205.16,70.02,126.23,310.64,-1,-1,-1,-1
345,72,211.88,82.38,117.88,291.41,-1,-1,-1,-1
346,72,212.28,83.22,122.41,299.97,-1,-1,-1,-1
347,72,215.62,87.94,115.79,290.60,-1,-1,-1,-1
348,72,214.15,81.66,119.00,298.12,-1,-1,-1,-1
349,72,210.46,86.55,115.69,293.66,-1,-1,-1,-1
350,72,212.36,88.12,111.80,290.54,-1,-1,-1,-1
351,72,216.16,92.29,109.44,287.59,-1,-1,-1,-1
352,72,211.50,92.35,108.25,287.03,-1,-1,-1,-1
353,72,208.53,93.15,108.88,285.75,-1,-1,-1,-1
354,72,208.95,93.64,107.92,284.70,-1,-1,-1,-1
355,72,207.87,90.80,109.97,290.44,-1,-1,-1,-1
356,72,208.51,85.81,114.08,295.10,-1,-1,-1,-1
357,72,211.25,88.84,108.67,283.78,-1,-1,-1,-1
358,72,211.20,84.11,114.02,293.20,-1,-1,-1,-1
359,72,214.50,92.46,107.30,281.89,-1,-1,-1,-1
360,72,218.65,104.11,104.39,269.30,-1,-1,-1,-1
361,72,227.40,108.73,103.08,265.31,-1,-1,-1,-1
362,72,229.82,104.11,103.29,269.33,-1,-1,-1,-1
363,72,229.79,104.75,103.18,267.92,-1,-1,-1,-1
364,72,236.35,102.43,101.02,267.30,-1,-1,-1,-1
365,72,237.16,103.26,99.41,265.63,-1,-1,-1,-1
366,72,241.51,110.82,95.94,255.74,-1,-1,-1,-1
367,72,241.42,125.79,90.81,241.58,-1,-1,-1,-1
368,72,242.72,115.92,93.47,250.74,-1,-1,-1,-1
369,72,239.53,117.31,94.37,253.18,-1,-1,-1,-1
370,72,239.45,117.42,89.35,242.49,-1,-1,-1,-1
371,72,234.60,117.63,88.55,236.89,-1,-1,-1,-1
372,72,232.41,117.43,92.44,242.68,-1,-1,-1,-1
373,72,234.36,132.25,78.00,213.11,-1,-1,-1,-1
374,72,230.58,131.73,80.31,219.50,-1,-1,-1,-1
375,72,226.16,126.29,83.88,224.86,-1,-1,-1,-1
376,72,223.41,129.22,78.78,213.77,-1,-1,-1,-1
377,72,217.81,127.94,84.51,227.35,-1,-1,-1,-1
378,72,216.48,117.77,87.07,236.84,-1,-1,-1,-1
379,72,217.07,122.34,80.99,222.48,-1,-1,-1,-1
380,72,217.04,125.06,80.89,222.06,-1,-1,-1,-1
381,72,214.17,121.91,81.16,223.31,-1,-1,-1,-1
382,72,214.87,125.95,79.84,220.87,-1,-1,-1,-1
383,72,213.53,129.77,82.49,223.59,-1,-1,-1,-1
384,72,218.60,128.94,77.77,214.74,-1,-1,-1,-1
385,72,223.16,133.28,79.26,216.59,-1,-1,-1,-1
386,72,230.05,130.02,76.08,206.83,-1,-1,-1,-1
387,72,239.85,129.85,77.74,212.52,-1,-1,-1,-1
388,72,245.78,131.78,76.55,208.76,-1,-1,-1,-1
389,72,251.80,132.62,75.42,207.13,-1,-1,-1,-1
390,72,262.63,137.47,74.74,202.39,-1,-1,-1,-1
391,72,273.43,136.61,74.75,209.71,-1,-1,-1,-1
392,72,280.61,135.69,76.13,211.68,-1,-1,-1,-1
393,72,285.69,130.61,76.88,216.78,-1,-1,-1,-1
394,72,288.35,131.08,76.78,215.70,-1,-1,-1,-1
395,72,291.02,129.11,76.89,214.53,-1,-1,-1,-1
396,72,294.17,132.97,75.72,212.01,-1,-1,-1,-1
397,72,297.15,135.44,75.40,212.37,-1,-1,-1,-1
398,72,299.24,135.14,76.54,213.17,-1,-1,-1,-1
399,72,304.53,132.46,76.43,212.89,-1,-1,-1,-1
400,72,307.39,130.70,76.46,211.12,-1,-1,-1,-1
401,72,307.56,130.59,76.05,211.21,-1,-1,-1,-1
402,72,307.94,133.64,75.17,205.01,-1,-1,-1,-1
403,72,305.20,127.41,80.46,212.19,-1,-1,-1,-1
404,72,309.12,138.82,73.01,199.98,-1,-1,-1,-1
405,72,309.15,133.79,78.19,215.25,-1,-1,-1,-1
406,72,309.35,131.68,77.90,214.40,-1,-1,-1,-1
407,72,308.98,128.27,78.33,215.96,-1,-1,-1,-1
408,72,305.36,134.18,74.97,209.20,-1,-1,-1,-1
409,72,303.92,134.57,72.60,203.47,-1,-1,-1,-1
410,72,305.04,132.03,75.87,208.36,-1,-1,-1,-1
411,72,312.69,138.54,70.75,195.25,-1,-1,-1,-1
412,72,313.31,143.16,70.04,196.59,-1,-1,-1,-1
413,72,306.37,136.90,72.91,203.97,-1,-1,-1,-1
414,72,303.52,132.61,73.23,207.20,-1,-1,-1,-1
415,72,305.65,128.04,74.19,205.64,-1,-1,-1,-1
416,72,307.20,123.67,76.75,208.99,-1,-1,-1,-1
417,72,312.31,121.70,77.32,212.95,-1,-1,-1,-1
418,72,323.36,129.67,71.07,197.16,-1,-1,-1,-1
263,73,358.56,117.62,123.21,279.29,-1,-1,-1,-1
264,73,361.15,119.95,112.52,263.91,-1,-1,-1,-1
265,73,356.69,117.88,116.25,273.48,-1,-1,-1,-1
266,73,355.72,116.84,112.82,270.31,-1,-1,-1,-1
267,73,358.12,131.32,102.87,257.39,-1,-1,-1,-1
268,73,350.12,114.47,118.43,275.16,-1,-1,-1,-1
264,74,212.04,139.26,74.80,204.08,-1,-1,-1,-1
265,74,211.53,139.05,70.46,193.83,-1,-1,-1,-1
266,74,207.78,139.10,72.41,198.89,-1,-1,-1,-1
267,74,208.22,139.25,71.65,198.75,-1,-1,-1,-1
268,74,206.32,141.30,70.04,194.76,-1,-1,-1,-1
269,74,207.80,133.93,72.19,198.82,-1,-1,-1,-1
270,74,209.78,136.38,68.26,188.75,-1,-1,-1,-1
271,74,205.76,136.64,70.72,193.28,-1,-1,-1,-1
264,75,47.69,112.54,83.56,225.79,-1,-1,-1,-1
270,76,256.57,132.85,70.98,190.44,-1,-1,-1,-1
271,76,251.62,133.69,70.11,193.77,-1,-1,-1,-1
272,76,248.85,134.29,70.16,193.01,-1,-1,-1,-1
273,76,249.58,137.55,68.94,191.98,-1,-1,-1,-1
274,76,250.42,141.47,67.07,183.53,-1,-1,-1,-1
275,76,251.25,131.39,70.61,193.40,-1,-1,-1,-1
276,76,252.71,127.66,68.13,190.31,-1,-1,-1,-1
277,76,255.42,131.95,67.75,187.14,-1,-1,-1,-1
278,76,257.29,131.82,69.38,187.26,-1,-1,-1,-1
279,76,257.77,132.20,68.34,186.40,-1,-1,-1,-1
280,76,261.22,144.38,61.37,172.23,-1,-1,-1,-1
281,76,261.42,143.13,65.76,180.30,-1,-1,-1,-1
270,77,346.11,108.45,120.99,270.86,-1,-1,-1,-1
273,78,349.28,113.02,120.33,272.69,-1,-1,-1,-1
277,79,89.25,144.83,53.15,145.10,-1,-1,-1,-1
278,79,85.54,138.73,55.53,157.54,-1,-1,-1,-1
281,80,328.34,114.16,114.15,275.73,-1,-1,-1,-1
282,80,322.15,114.01,115.85,275.79,-1,-1,-1,-1
283,80,315.37,111.32,118.77,276.01,-1,-1,-1,-1
285,81,310.72,108.49,117.34,270.83,-1,-1,-1,-1
286,81,303.22,105.47,121.47,276.98,-1,-1,-1,-1
291,82,-28.14,66.91,144.56,338.03,-1,-1,-1,-1
292,82,-28.93,66.04,141.00,334.28,-1,-1,-1,-1
293,82,-35.75,68.23,143.70,335.54,-1,-1,-1,-1
295,83,-10.55,79.62,114.80,275.82,-1,-1,-1,-1
296,83,-9.46,82.59,107.43,264.31,-1,-1,-1,-1
297,83,6.66,74.44,106.86,269.94,-1,-1,-1,-1
298,83,6.35,80.22,102.30,263.66,-1,-1,-1,-1
299,83,3.53,82.51,102.58,269.75,-1,-1,-1,-1
300,83,1.29,79.55,112.22,286.01,-1,-1,-1,-1
301,83,-5.34,75.65,120.27,299.34,-1,-1,-1,-1
302,83,-12.91,74.40,129.86,312.41,-1,-1,-1,-1
303,83,-20.52,63.43,139.75,329.33,-1,-1,-1,-1
304,83,-20.67,76.36,140.11,324.67,-1,-1,-1,-1
295,84,257.52,87.37,132.77,302.36,-1,-1,-1,-1
303,85,232.45,147.28,65.32,177.58,-1,-1,-1,-1
304,85,240.44,150.79,60.41,170.30,-1,-1,-1,-1
305,85,247.91,154.26,55.85,158.17,-1,-1,-1,-1
306,85,251.26,156.22,54.64,154.41,-1,-1,-1,-1
307,85,254.67,158.93,53.36,154.60,-1,-1,-1,-1
308,85,256.32,150.73,55.40,159.86,-1,-1,-1,-1
309,85,257.92,146.85,57.29,162.42,-1,-1,-1,-1
310,85,255.51,150.92,56.70,159.88,-1,-1,-1,-1
306,86,91.65,194.80,22.19,66.26,-1,-1,-1,-1
307,86,94.62,192.88,21.94,64.56,-1,-1,-1,-1
308,86,94.11,191.44,22.99,68.07,-1,-1,-1,-1
309,86,90.67,191.34,23.85,68.59,-1,-1,-1,-1
310,86,85.61,193.84,22.95,66.90,-1,-1,-1,-1
311,86,82.66,194.50,24.13,71.91,-1,-1,-1,-1
312,86,82.31,198.51,24.36,69.28,-1,-1,-1,-1
313,86,75.75,195.67,27.91,81.00,-1,-1,-1,-1
314,86,70.46,198.89,27.01,78.97,-1,-1,-1,-1
315,86,65.43,201.17,26.95,80.25,-1,-1,-1,-1
316,86,62.89,206.29,26.19,75.52,-1,-1,-1,-1
317,86,56.55,197.19,28.28,83.30,-1,-1,-1,-1
318,86,50.76,192.98,29.13,86.16,-1,-1,-1,-1
319,86,44.65,189.81,30.48,87.47,-1,-1,-1,-1
320,86,39.82,189.50,29.23,87.43,-1,-1,-1,-1
321,86,31.59,189.21,30.17,88.57,-1,-1,-1,-1
322,86,28.77,188.28,30.30,89.70,-1,-1,-1,-1
323,86,23.63,185.31,29.92,85.98,-1,-1,-1,-1
324,86,16.12,184.73,29.38,86.97,-1,-1,-1,-1
325,86,10.59,176.78,34.74,102.68,-1,-1,-1,-1
306,87,121.41,201.01,15.90,47.88,-1,-1,-1,-1
306,88,137.53,198.74,15.56,47.67,-1,-1,-1,-1
307,89,293.29,146.83,71.75,189.27,-1,-1,-1,-1
308,90,127.03,202.10,15.47,46.48,-1,-1,-1,-1
309,90,123.49,196.86,17.17,51.04,-1,-1,-1,-1
310,90,120.47,193.76,17.90,52.63,-1,-1,-1,-1
311,90,120.26,197.92,18.03,54.72,-1,-1,-1,-1
312,90,121.15,201.22,16.59,48.52,-1,-1,-1,-1
313,90,117.55,203.22,18.23,53.91,-1,-1,-1,-1
314,90,115.05,202.66,17.45,51.35,-1,-1,-1,-1
309,91,139.46,194.31,17.25,51.43,-1,-1,-1,-1
310,91,140.02,195.97,15.58,47.58,-1,-1,-1,-1
312,92,251.35,153.64,65.39,175.24,-1,-1,-1,-1
313,92,254.44,159.08,63.89,175.09,-1,-1,-1,-1
316,93,256.20,158.94,60.57,170.15,-1,-1,-1,-1
317,93,251.19,155.03,65.49,183.51,-1,-1,-1,-1
318,93,255.10,163.94,57.54,160.32,-1,-1,-1,-1
319,93,254.56,162.85,53.36,151.80,-1,-1,-1,-1
320,93,251.60,160.40,54.53,156.39,-1,-1,-1,-1
321,93,254.50,159.58,53.73,153.12,-1,-1,-1,-1
322,93,256.49,156.73,55.20,153.13,-1,-1,-1,-1
323,93,256.79,156.88,54.43,152.84,-1,-1,-1,-1
324,93,254.34,156.75,54.15,153.41,-1,-1,-1,-1
325,93,257.22,160.57,53.27,150.83,-1,-1,-1,-1
326,93,260.56,161.23,52.64,149.41,-1,-1,-1,-1
319,94,311.55,122.60,110.74,269.17,-1,-1,-1,-1
328,95,303.53,128.59,110.72,268.12,-1,-1,-1,-1
328,96,113.45,131.85,69.31,192.47,-1,-1,-1,-1
329,96,106.26,117.63,78.53,215.82,-1,-1,-1,-1
330,96,100.35,116.25,79.69,218.63,-1,-1,-1,-1
331,96,98.17,110.10,83.94,231.11,-1,-1,-1,-1
332,96,97.79,103.70,84.41,232.88,-1,-1,-1,-1
333,96,95.59,100.18,83.92,229.25,-1,-1,-1,-1
334,96,92.20,101.76,85.40,231.45,-1,-1,-1,-1
335,96,87.05,99.96,90.22,240.33,-1,-1,-1,-1
336,96,78.03,92.71,97.87,254.94,-1,-1,-1,-1
337,96,72.63,87.57,108.45,275.72,-1,-1,-1,-1
338,96,57.52,79.27,122.80,297.44,-1,-1,-1,-1
335,97,32.77,167.87,32.97,93.29,-1,-1,-1,-1
336,97,-8.23,164.42,40.63,116.81,-1,-1,-1,-1
336,98,36.56,170.16,31.12,88.59,-1,-1,-1,-1
337,98,43.67,164.68,32.62,94.54,-1,-1,-1,-1
340,99,291.18,150.05,49.02,139.96,-1,-1,-1,-1
340,100,344.33,102.37,124.64,288.29,-1,-1,-1,-1
341,101,133.87,183.44,22.27,67.95,-1,-1,-1,-1
342,101,129.34,178.90,26.21,76.29,-1,-1,-1,-1
343,101,128.09,179.17,24.17,71.55,-1,-1,-1,-1
344,101,85.94,168.37,28.17,81.96,-1,-1,-1,-1
345,101,120.90,166.43,27.72,80.42,-1,-1,-1,-1
346,101,121.18,172.01,27.03,80.21,-1,-1,-1,-1
347,101,119.76,177.47,24.85,74.57,-1,-1,-1,-1
342,102,333.55,101.05,130.46,296.45,-1,-1,-1,-1
343,102,343.01,112.64,117.01,278.69,-1,-1,-1,-1
344,103,133.86,180.50,22.84,68.15,-1,-1,-1,-1
345,103,159.05,143.47,47.45,137.11,-1,-1,-1,-1
346,103,157.30,151.31,45.13,131.55,-1,-1,-1,-1
347,103,150.82,150.98,47.81,138.11,-1,-1,-1,-1
348,103,140.60,152.71,47.01,134.57,-1,-1,-1,-1
349,103,123.57,147.79,49.14,139.12,-1,-1,-1,-1
345,104,91.55,169.10,27.70,79.72,-1,-1,-1,-1
346,104,57.33,165.80,32.29,92.30,-1,-1,-1,-1
347,104,61.30,165.37,35.14,98.81,-1,-1,-1,-1
348,104,58.65,163.39,34.99,97.88,-1,-1,-1,-1
349,104,53.87,159.69,38.71,104.87,-1,-1,-1,-1
350,104,51.99,158.40,37.35,102.44,-1,-1,-1,-1
351,104,56.69,162.41,33.52,94.51,-1,-1,-1,-1
352,104,51.05,155.89,39.60,112.70,-1,-1,-1,-1
353,104,47.07,156.79,37.20,105.65,-1,-1,-1,-1
354,104,47.48,154.76,36.12,103.95,-1,-1,-1,-1
355,104,46.78,151.18,42.21,110.83,-1,-1,-1,-1
345,105,196.26,147.22,42.55,124.12,-1,-1,-1,-1
346,105,197.06,149.74,40.65,119.73,-1,-1,-1,-1
347,105,196.62,152.91,41.63,123.81,-1,-1,-1,-1
348,105,189.74,149.39,44.41,130.64,-1,-1,-1,-1
349,105,184.33,148.95,44.95,132.05,-1,-1,-1,-1
350,105,181.01,153.54,45.77,133.44,-1,-1,-1,-1
351,105,178.04,151.61,46.76,137.03,-1,-1,-1,-1
352,105,168.13,145.25,50.66,149.58,-1,-1,-1,-1
353,105,162.92,144.17,50.47,147.05,-1,-1,-1,-1
354,105,156.42,139.41,52.26,151.12,-1,-1,-1,-1
355,105,152.40,135.05,54.67,159.45,-1,-1,-1,-1
356,105,149.18,134.12,55.68,161.35,-1,-1,-1,-1
357,105,141.93,133.22,59.43,168.99,-1,-1,-1,-1
358,105,137.31,136.73,58.52,167.37,-1,-1,-1,-1
359,105,131.12,134.89,60.75,175.84,-1,-1,-1,-1
360,105,128.52,129.87,65.44,186.40,-1,-1,-1,-1
361,105,127.51,128.99,67.77,193.51,-1,-1,-1,-1
362,105,122.69,123.44,71.57,199.17,-1,-1,-1,-1
363,105,116.42,125.08,73.63,206.37,-1,-1,-1,-1
364,105,109.80,115.75,81.63,224.98,-1,-1,-1,-1
365,105,103.75,119.13,83.31,228.80,-1,-1,-1,-1
366,105,89.17,116.36,86.06,234.39,-1,-1,-1,-1
367,105,78.61,115.76,85.87,235.46,-1,-1,-1,-1
368,105,64.95,104.74,91.40,246.80,-1,-1,-1,-1
369,105,51.72,104.67,96.78,257.64,-1,-1,-1,-1
370,105,33.97,104.03,100.28,264.01,-1,-1,-1,-1
346,106,90.61,169.00,29.67,86.44,-1,-1,-1,-1
347,106,92.37,172.23,31.57,90.13,-1,-1,-1,-1
348,106,95.49,172.46,30.23,84.75,-1,-1,-1,-1
349,106,89.21,169.41,32.36,90.59,-1,-1,-1,-1
350,106,78.75,160.22,37.15,103.77,-1,-1,-1,-1
351,106,78.08,166.91,33.20,95.06,-1,-1,-1,-1
346,107,345.58,98.77,127.37,290.36,-1,-1,-1,-1
348,108,344.25,94.18,130.38,294.24,-1,-1,-1,-1
349,108,344.85,99.37,123.70,289.24,-1,-1,-1,-1
350,108,344.05,98.59,125.45,296.13,-1,-1,-1,-1
351,108,349.51,107.83,125.13,283.19,-1,-1,-1,-1
351,109,109.20,155.13,45.73,134.76,-1,-1,-1,-1
353,110,82.28,141.04,51.73,147.28,-1,-1,-1,-1
354,110,75.30,143.69,49.89,141.99,-1,-1,-1,-1
355,110,68.08,141.55,53.50,146.16,-1,-1,-1,-1
356,110,60.40,149.14,52.99,142.00,-1,-1,-1,-1
357,110,46.48,143.90,54.00,147.01,-1,-1,-1,-1
358,110,44.55,148.27,51.88,143.39,-1,-1,-1,-1
359,110,36.76,152.01,52.09,146.76,-1,-1,-1,-1
360,110,34.98,153.76,50.40,143.06,-1,-1,-1,-1
361,110,32.38,158.40,50.14,139.29,-1,-1,-1,-1
362,110,23.76,147.49,51.38,145.47,-1,-1,-1,-1
363,110,15.49,145.00,57.27,160.57,-1,-1,-1,-1
364,110,9.05,141.01,59.46,168.85,-1,-1,-1,-1
365,110,2.55,150.14,56.49,161.29,-1,-1,-1,-1
358,111,317.28,98.72,131.01,301.21,-1,-1,-1,-1
360,112,99.15,173.76,33.57,98.52,-1,-1,-1,-1
361,112,104.18,175.23,33.76,99.89,-1,-1,-1,-1
362,112,67.53,158.68,43.58,123.21,-1,-1,-1,-1
363,112,67.44,158.19,43.90,123.73,-1,-1,-1,-1
364,112,68.94,150.46,46.46,133.64,-1,-1,-1,-1
365,112,75.49,160.21,43.80,124.91,-1,-1,-1,-1
362,113,103.54,167.05,35.62,106.25,-1,-1,-1,-1
364,114,190.45,128.84,75.22,209.33,-1,-1,-1,-1
365,114,187.60,121.58,81.21,223.93,-1,-1,-1,-1
367,115,169.25,114.63,91.11,242.95,-1,-1,-1,-1
368,115,157.99,109.32,97.72,258.65,-1,-1,-1,-1
369,115,144.40,104.54,103.24,268.43,-1,-1,-1,-1
367,116,334.62,66.83,166.11,354.47,-1,-1,-1,-1
371,117,199.46,194.14,30.30,88.93,-1,-1,-1,-1
372,117,197.81,205.78,23.28,71.05,-1,-1,-1,-1
373,117,195.70,199.75,27.26,83.12,-1,-1,-1,-1
374,117,191.04,201.06,26.19,80.45,-1,-1,-1,-1
375,117,184.58,190.70,28.15,84.64,-1,-1,-1,-1
376,117,178.21,190.88,30.53,90.50,-1,-1,-1,-1
377,117,173.41,184.47,34.26,102.94,-1,-1,-1,-1
378,117,169.83,176.52,36.54,108.29,-1,-1,-1,-1
379,117,166.90,176.97,36.95,107.78,-1,-1,-1,-1
380,117,167.28,181.63,35.80,103.17,-1,-1,-1,-1
381,117,161.26,176.62,37.42,108.33,-1,-1,-1,-1
382,117,158.27,176.48,38.13,108.93,-1,-1,-1,-1
383,117,155.57,177.48,38.34,112.31,-1,-1,-1,-1
384,117,155.08,178.53,39.09,115.14,-1,-1,-1,-1
385,117,158.06,183.51,38.41,110.50,-1,-1,-1,-1
386,117,160.33,178.44,39.39,115.72,-1,-1,-1,-1
387,117,165.36,179.24,40.08,118.83,-1,-1,-1,-1
388,117,170.46,177.82,40.36,116.51,-1,-1,-1,-1
389,117,215.86,173.51,34.96,103.73,-1,-1,-1,-1
373,118,284.15,61.08,170.94,355.30,-1,-1,-1,-1
374,118,277.01,54.73,179.88,368.00,-1,-1,-1,-1
375,118,275.07,61.38,167.93,359.80,-1,-1,-1,-1
376,118,271.13,65.63,159.91,351.31,-1,-1,-1,-1
377,118,264.13,56.65,168.69,369.13,-1,-1,-1,-1
378,118,261.45,53.36,174.26,370.79,-1,-1,-1,-1
379,118,260.05,56.82,171.30,369.04,-1,-1,-1,-1
380,118,256.11,56.18,168.31,365.09,-1,-1,-1,-1
381,118,256.94,68.71,156.48,350.54,-1,-1,-1,-1
382,118,250.80,56.98,168.59,363.42,-1,-1,-1,-1
383,118,252.08,60.69,165.68,361.06,-1,-1,-1,-1
384,118,252.35,54.30,170.65,374.04,-1,-1,-1,-1
385,118,258.07,64.22,159.13,353.88,-1,-1,-1,-1
386,118,261.47,48.64,173.24,364.10,-1,-1,-1,-1
387,118,274.80,61.69,168.12,353.94,-1,-1,-1,-1
388,118,279.41,55.70,174.98,366.01,-1,-1,-1,-1
389,118,288.92,60.04,171.88,362.52,-1,-1,-1,-1
377,119,124.13,177.36,31.92,95.94,-1,-1,-1,-1
378,119,116.86,170.17,35.62,105.13,-1,-1,-1,-1
379,119,64.53,173.32,38.43,109.38,-1,-1,-1,-1
380,119,63.11,168.72,41.87,118.48,-1,-1,-1,-1
381,119,60.08,174.93,37.10,106.01,-1,-1,-1,-1
382,119,54.70,165.17,42.49,115.20,-1,-1,-1,-1
383,119,54.03,165.66,43.74,124.43,-1,-1,-1,-1
384,119,54.81,167.96,42.19,119.78,-1,-1,-1,-1
385,119,56.74,165.87,43.77,124.54,-1,-1,-1,-1
386,119,61.97,161.79,44.57,127.16,-1,-1,-1,-1
387,119,66.08,159.89,46.85,131.25,-1,-1,-1,-1
388,119,68.70,158.71,46.88,133.49,-1,-1,-1,-1
389,119,72.37,153.65,49.58,138.13,-1,-1,-1,-1
390,119,79.45,157.14,46.51,131.29,-1,-1,-1,-1
391,119,86.66,156.22,48.23,138.15,-1,-1,-1,-1
392,119,95.53,162.03,46.08,131.79,-1,-1,-1,-1
393,119,96.65,165.66,43.88,124.47,-1,-1,-1,-1
394,119,94.79,161.11,47.46,133.65,-1,-1,-1,-1
395,119,92.89,155.18,51.36,140.25,-1,-1,-1,-1
396,119,93.56,157.26,50.29,141.17,-1,-1,-1,-1
397,119,93.88,161.79,49.43,137.38,-1,-1,-1,-1
398,119,90.64,159.74,50.39,136.53,-1,-1,-1,-1
399,119,86.75,155.79,52.75,144.30,-1,-1,-1,-1
400,119,84.13,158.74,53.17,143.62,-1,-1,-1,-1
401,119,79.73,162.90,51.25,145.91,-1,-1,-1,-1
402,119,73.31,167.99,48.10,136.28,-1,-1,-1,-1
403,119,63.51,157.95,51.30,145.58,-1,-1,-1,-1
404,119,55.83,150.99,56.07,159.05,-1,-1,-1,-1
405,119,50.60,157.43,56.08,156.96,-1,-1,-1,-1
406,119,44.60,151.68,57.04,163.11,-1,-1,-1,-1
407,119,36.63,148.20,62.01,169.81,-1,-1,-1,-1
408,119,24.72,149.11,60.09,168.45,-1,-1,-1,-1
377,120,391.89,55.44,168.96,366.63,-1,-1,-1,-1
379,121,114.63,171.95,34.66,101.89,-1,-1,-1,-1
380,121,111.19,172.50,36.33,106.19,-1,-1,-1,-1
381,121,104.99,168.08,37.98,108.98,-1,-1,-1,-1
382,121,91.97,169.17,37.63,106.75,-1,-1,-1,-1
383,121,86.77,164.47,37.05,105.87,-1,-1,-1,-1
379,122,395.17,54.59,167.46,362.91,-1,-1,-1,-1
380,123,209.52,189.71,26.98,81.95,-1,-1,-1,-1
383,124,202.79,183.49,29.22,89.29,-1,-1,-1,-1
384,124,201.99,182.65,30.58,91.30,-1,-1,-1,-1
385,124,201.29,182.60,32.24,95.92,-1,-1,-1,-1
386,124,203.90,181.12,32.56,98.96,-1,-1,-1,-1
387,124,208.45,178.36,33.94,99.69,-1,-1,-1,-1
389,125,172.40,172.70,42.06,121.34,-1,-1,-1,-1
390,125,181.74,177.91,44.21,127.30,-1,-1,-1,-1
391,125,187.80,180.17,43.61,127.83,-1,-1,-1,-1
392,125,188.58,174.29,46.88,134.53,-1,-1,-1,-1
393,125,196.09,176.03,47.80,130.71,-1,-1,-1,-1
394,125,193.14,174.18,48.43,134.61,-1,-1,-1,-1
395,125,187.76,174.96,48.38,138.10,-1,-1,-1,-1
396,125,186.77,172.26,50.52,138.47,-1,-1,-1,-1
397,125,182.54,170.42,53.56,141.89,-1,-1,-1,-1
398,125,179.87,166.90,53.77,148.84,-1,-1,-1,-1
399,125,175.88,164.80,56.33,158.72,-1,-1,-1,-1
400,125,171.86,161.65,59.23,164.90,-1,-1,-1,-1
401,125,165.41,157.16,61.44,173.71,-1,-1,-1,-1
402,125,154.81,157.08,61.22,173.89,-1,-1,-1,-1
403,125,146.70,156.78,61.28,174.29,-1,-1,-1,-1
404,125,129.72,145.18,74.27,198.03,-1,-1,-1,-1
405,125,123.74,152.53,70.06,193.48,-1,-1,-1,-1
406,125,110.45,147.27,75.20,204.06,-1,-1,-1,-1
391,126,235.92,185.65,32.01,95.53,-1,-1,-1,-1
392,126,237.25,181.45,34.78,103.31,-1,-1,-1,-1
393,126,239.74,182.04,34.99,102.30,-1,-1,-1,-1
394,126,241.45,178.70,36.66,109.23,-1,-1,-1,-1
395,126,240.46,173.46,38.79,114.44,-1,-1,-1,-1
396,126,241.04,175.74,37.93,110.53,-1,-1,-1,-1
397,126,240.48,177.23,38.72,112.05,-1,-1,-1,-1
398,126,234.68,172.83,39.81,116.11,-1,-1,-1,-1
399,126,228.23,168.32,42.29,124.97,-1,-1,-1,-1
400,126,227.06,167.05,44.45,127.33,-1,-1,-1,-1
401,126,221.45,169.33,44.56,127.91,-1,-1,-1,-1
402,126,212.77,167.55,46.26,131.77,-1,-1,-1,-1
403,126,207.85,168.28,44.98,130.16,-1,-1,-1,-1
404,126,201.62,169.57,46.78,132.50,-1,-1,-1,-1
405,126,193.53,158.35,52.68,150.16,-1,-1,-1,-1
406,126,185.10,154.58,53.90,152.89,-1,-1,-1,-1
407,126,177.44,146.68,58.25,162.90,-1,-1,-1,-1
408,126,166.91,148.13,58.25,165.25,-1,-1,-1,-1
409,126,158.04,148.65,60.05,169.57,-1,-1,-1,-1
410,126,155.33,147.75,60.08,171.36,-1,-1,-1,-1
411,126,148.37,146.07,63.28,179.90,-1,-1,-1,-1
412,126,135.83,132.89,72.23,200.75,-1,-1,-1,-1
413,126,115.57,128.84,75.84,203.75,-1,-1,-1,-1
414,126,109.78,122.98,76.50,210.44,-1,-1,-1,-1
415,126,100.07,122.28,80.18,217.17,-1,-1,-1,-1
416,126,90.57,120.44,83.10,225.99,-1,-1,-1,-1
417,126,80.42,108.92,92.73,248.83,-1,-1,-1,-1
418,126,73.61,106.60,101.12,264.36,-1,-1,-1,-1
391,127,256.83,194.13,28.00,84.06,-1,-1,-1,-1
392,128,334.80,64.38,160.04,353.88,-1,-1,-1,-1
393,128,342.77,69.28,154.79,349.37,-1,-1,-1,-1
394,128,349.20,66.31,157.89,344.47,-1,-1,-1,-1
395,128,354.90,59.80,168.25,363.06,-1,-1,-1,-1
396,128,360.38,61.79,168.26,359.07,-1,-1,-1,-1
397,128,367.36,63.97,164.75,354.53,-1,-1,-1,-1
398,128,371.08,67.63,168.24,358.29,-1,-1,-1,-1
399,128,373.98,66.36,167.86,360.86,-1,-1,-1,-1
400,128,380.63,59.34,175.49,363.99,-1,-1,-1,-1
401,128,389.37,59.16,173.99,364.27,-1,-1,-1,-1
402,128,395.81,57.52,176.83,367.91,-1,-1,-1,-1
393,129,263.21,187.16,31.05,92.65,-1,-1,-1,-1
394,129,265.65,189.87,31.20,92.24,-1,-1,-1,-1
395,129,268.08,190.21,31.41,91.26,-1,-1,-1,-1
396,129,267.17,186.99,33.57,97.74,-1,-1,-1,-1
397,129,263.97,186.73,34.62,98.74,-1,-1,-1,-1
398,129,262.28,187.94,33.38,96.00,-1,-1,-1,-1
399,129,261.60,186.01,34.21,99.81,-1,-1,-1,-1
400,129,261.24,184.83,35.13,102.20,-1,-1,-1,-1
401,129,258.26,189.80,35.29,102.99,-1,-1,-1,-1
402,129,252.17,188.02,36.91,106.71,-1,-1,-1,-1
403,129,244.44,188.60,36.56,105.77,-1,-1,-1,-1
404,129,242.63,184.50,39.63,114.40,-1,-1,-1,-1
405,129,236.93,180.34,41.30,121.92,-1,-1,-1,-1
406,129,233.23,178.62,43.02,125.63,-1,-1,-1,-1
407,129,227.32,176.66,44.21,129.68,-1,-1,-1,-1
408,129,219.22,178.89,44.30,130.25,-1,-1,-1,-1
409,129,213.61,181.16,44.78,130.99,-1,-1,-1,-1
410,129,207.96,180.12,45.25,133.40,-1,-1,-1,-1
411,129,204.98,174.31,51.42,150.33,-1,-1,-1,-1
412,129,202.78,171.22,55.50,156.38,-1,-1,-1,-1
413,129,186.53,158.72,61.56,170.46,-1,-1,-1,-1
414,129,179.98,161.58,58.34,165.11,-1,-1,-1,-1
415,129,172.71,158.46,62.31,176.27,-1,-1,-1,-1
416,129,160.35,155.79,66.10,187.53,-1,-1,-1,-1
417,129,154.64,148.66,72.17,201.68,-1,-1,-1,-1
418,129,150.02,143.50,75.89,212.17,-1,-1,-1,-1
396,130,55.32,150.41,51.94,144.57,-1,-1,-1,-1
401,131,285.43,189.63,29.47,87.47,-1,-1,-1,-1
402,131,273.82,175.83,36.50,104.96,-1,-1,-1,-1
403,131,269.82,178.82,33.62,98.12,-1,-1,-1,-1
403,132,-12.14,170.48,53.13,152.08,-1,-1,-1,-1
404,133,413.36,74.08,163.54,350.74,-1,-1,-1,-1
405,133,428.56,62.38,175.15,358.16,-1,-1,-1,-1
406,134,258.24,172.83,40.87,115.82,-1,-1,-1,-1
407,134,256.37,172.67,39.23,115.67,-1,-1,-1,-1
408,134,249.37,166.12,42.49,123.94,-1,-1,-1,-1
409,134,288.05,175.54,34.91,104.93,-1,-1,-1,-1
410,134,291.10,174.81,34.19,100.91,-1,-1,-1,-1
411,134,291.85,174.46,37.45,106.90,-1,-1,-1,-1
412,134,289.42,174.11,37.01,107.81,-1,-1,-1,-1
413,134,280.73,164.81,38.44,110.62,-1,-1,-1,-1
414,134,276.22,167.23,36.80,106.27,-1,-1,-1,-1
415,134,275.12,164.44,38.61,111.40,-1,-1,-1,-1
416,134,273.72,167.92,36.54,104.71,-1,-1,-1,-1
417,134,271.77,165.81,35.44,103.36,-1,-1,-1,-1
418,134,276.31,167.78,36.93,104.62,-1,-1,-1,-1
408,135,88.42,140.20,82.16,218.38,-1,-1,-1,-1
409,135,70.88,126.24,90.55,235.55,-1,-1,-1,-1
409,136,369.52,108.34,111.85,276.44,-1,-1,-1,-1
410,136,375.63,118.50,110.39,261.61,-1,-1,-1,-1
411,136,377.07,111.73,112.77,275.16,-1,-1,-1,-1
412,136,373.60,114.25,114.60,275.31,-1,-1,-1,-1
413,136,370.84,119.42,104.01,264.89,-1,-1,-1,-1
414,136,361.35,117.30,107.14,263.90,-1,-1,-1,-1
415,136,363.39,112.70,108.17,267.87,-1,-1,-1,-1
416,136,361.25,103.22,117.70,276.05,-1,-1,-1,-1
417,136,365.44,101.61,119.79,279.39,-1,-1,-1,-1
409,137,244.31,172.96,42.17,120.93,-1,-1,-1,-1
410,137,244.12,169.78,42.39,121.83,-1,-1,-1,-1
411,137,244.37,173.27,41.95,120.23,-1,-1,-1,-1
412,138,13.95,108.75,119.03,281.23,-1,-1,-1,-1
415,139,220.83,157.03,51.94,147.44,-1,-1,-1,-1
416,139,220.62,155.18,52.02,150.96,-1,-1,-1,-1
417,139,219.02,149.60,55.05,156.75,-1,-1,-1,-1
418,139,222.28,151.40,54.18,153.48,-1,-1,-1,-1
