1,1,1446.48,724.81,93.80,276.15,-1,-1,-1,-1
2,1,1446.24,727.55,93.50,271.30,-1,-1,-1,-1
3,1,1445.81,735.12,93.80,271.45,-1,-1,-1,-1
4,1,1444.30,734.67,95.55,275.48,-1,-1,-1,-1
5,1,1443.00,738.16,98.43,282.28,-1,-1,-1,-1
6,1,1441.96,735.01,99.66,288.41,-1,-1,-1,-1
7,1,1434.01,733.24,101.07,293.92,-1,-1,-1,-1
8,1,1433.76,741.90,101.04,293.32,-1,-1,-1,-1
9,1,1436.78,758.71,94.52,273.83,-1,-1,-1,-1
10,1,1423.59,741.35,106.31,309.38,-1,-1,-1,-1
11,1,1425.60,755.72,102.02,296.24,-1,-1,-1,-1
12,1,1418.25,757.15,101.63,293.45,-1,-1,-1,-1
13,1,1420.75,772.89,95.61,277.11,-1,-1,-1,-1
14,1,1410.84,767.60,99.14,289.33,-1,-1,-1,-1
15,1,1487.47,693.96,89.23,259.15,-1,-1,-1,-1
16,1,1468.68,686.24,94.07,275.80,-1,-1,-1,-1
17,1,1452.70,687.60,93.93,272.45,-1,-1,-1,-1
18,1,1432.66,683.52,102.96,298.29,-1,-1,-1,-1
19,1,1434.20,687.12,98.74,290.58,-1,-1,-1,-1
1,2,1562.95,571.75,34.90,105.34,-1,-1,-1,-1
2,2,1562.38,569.86,35.90,109.57,-1,-1,-1,-1
3,2,1561.37,567.66,37.58,114.17,-1,-1,-1,-1
4,2,1558.37,565.24,42.68,130.69,-1,-1,-1,-1
5,2,1556.31,560.50,45.79,141.50,-1,-1,-1,-1
6,2,1559.10,561.98,40.86,124.13,-1,-1,-1,-1
7,2,1558.07,562.65,40.96,121.68,-1,-1,-1,-1
8,2,1559.54,558.19,39.75,117.33,-1,-1,-1,-1
9,2,1550.60,555.66,44.96,137.48,-1,-1,-1,-1
10,2,1549.64,555.43,45.75,137.62,-1,-1,-1,-1
11,2,1548.46,553.18,46.34,139.66,-1,-1,-1,-1
12,2,1546.35,563.18,36.68,107.03,-1,-1,-1,-1
13,2,1544.00,565.46,38.09,115.38,-1,-1,-1,-1
14,2,1543.67,559.50,38.62,114.38,-1,-1,-1,-1
15,2,1534.47,557.72,43.48,132.15,-1,-1,-1,-1
16,2,1525.55,554.19,46.78,141.04,-1,-1,-1,-1
17,2,1523.56,556.57,45.34,134.29,-1,-1,-1,-1
18,2,1518.27,557.09,44.29,132.67,-1,-1,-1,-1
19,2,1510.85,560.63,42.56,126.12,-1,-1,-1,-1
20,2,1505.56,565.34,39.31,117.30,-1,-1,-1,-1
21,2,1496.61,562.18,41.29,123.30,-1,-1,-1,-1
22,2,1493.76,562.30,41.50,122.98,-1,-1,-1,-1
23,2,1486.19,562.32,42.19,122.51,-1,-1,-1,-1
24,2,1475.14,554.98,47.12,137.66,-1,-1,-1,-1
25,2,1468.08,556.86,45.52,133.57,-1,-1,-1,-1
26,2,1459.80,559.56,45.37,130.35,-1,-1,-1,-1
27,2,1445.56,557.31,46.17,134.17,-1,-1,-1,-1
28,2,1437.99,557.94,45.08,132.35,-1,-1,-1,-1
29,2,1427.70,553.18,47.94,139.79,-1,-1,-1,-1
30,2,1422.28,560.16,42.87,126.29,-1,-1,-1,-1
31,2,1409.28,553.03,49.78,141.53,-1,-1,-1,-1
32,2,1396.23,554.88,47.37,139.61,-1,-1,-1,-1
33,2,1382.00,555.79,46.01,136.79,-1,-1,-1,-1
34,2,1372.37,550.72,48.75,145.90,-1,-1,-1,-1
35,2,1355.29,550.04,51.54,148.79,-1,-1,-1,-1
36,2,1346.20,550.76,51.19,146.64,-1,-1,-1,-1
37,2,1331.01,550.42,50.43,147.27,-1,-1,-1,-1
38,2,1315.10,549.12,50.12,147.15,-1,-1,-1,-1
39,2,1306.31,548.22,50.98,148.62,-1,-1,-1,-1
40,2,1290.75,548.58,49.66,148.10,-1,-1,-1,-1
41,2,1276.79,546.84,47.26,140.44,-1,-1,-1,-1
42,2,1259.91,547.22,48.05,140.15,-1,-1,-1,-1
43,2,1243.95,547.61,46.73,135.66,-1,-1,-1,-1
44,2,1227.83,545.60,47.80,139.53,-1,-1,-1,-1
45,2,1212.15,550.78,45.49,129.82,-1,-1,-1,-1
46,2,1194.09,541.96,49.85,146.19,-1,-1,-1,-1
1,3,1566.20,686.22,73.18,213.66,-1,-1,-1,-1
2,3,1558.71,687.16,74.71,225.87,-1,-1,-1,-1
3,3,1552.01,684.24,72.00,218.20,-1,-1,-1,-1
4,3,1546.39,677.96,81.86,244.86,-1,-1,-1,-1
5,3,1540.19,687.73,80.38,241.21,-1,-1,-1,-1
6,3,1536.96,681.75,84.79,253.33,-1,-1,-1,-1
7,3,1532.85,688.78,79.21,240.23,-1,-1,-1,-1
8,3,1530.69,687.51,81.78,243.37,-1,-1,-1,-1
9,3,1529.44,685.24,83.58,247.57,-1,-1,-1,-1
10,3,1514.35,691.34,83.66,250.09,-1,-1,-1,-1
11,3,1505.26,689.63,85.30,254.44,-1,-1,-1,-1
1,4,1343.39,646.88,73.46,226.32,-1,-1,-1,-1
2,4,1341.15,647.86,77.51,239.78,-1,-1,-1,-1
1,5,1457.41,572.85,37.69,116.06,-1,-1,-1,-1
1,6,1357.81,531.85,28.96,89.97,-1,-1,-1,-1
2,6,1358.01,531.58,28.74,90.10,-1,-1,-1,-1
1,7,1707.07,613.97,33.89,101.72,-1,-1,-1,-1
3,8,1711.64,610.20,40.97,122.94,-1,-1,-1,-1
4,8,1711.50,607.16,42.72,128.49,-1,-1,-1,-1
5,8,1711.23,606.37,43.21,129.96,-1,-1,-1,-1
6,8,1712.28,607.67,41.79,127.35,-1,-1,-1,-1
7,8,1718.15,605.03,43.84,132.35,-1,-1,-1,-1
8,8,1717.45,602.29,45.82,137.97,-1,-1,-1,-1
9,8,1778.48,608.37,37.95,112.63,-1,-1,-1,-1
10,8,1733.02,600.72,44.55,129.44,-1,-1,-1,-1
11,8,1734.83,604.43,41.15,120.66,-1,-1,-1,-1
12,8,1734.02,601.12,43.26,127.36,-1,-1,-1,-1
13,8,1732.43,597.07,48.70,148.22,-1,-1,-1,-1
14,8,1736.17,593.38,53.90,157.87,-1,-1,-1,-1
15,8,1736.84,615.99,38.34,114.56,-1,-1,-1,-1
16,8,1732.59,606.32,48.13,145.75,-1,-1,-1,-1
17,8,1735.78,618.37,40.59,122.05,-1,-1,-1,-1
18,8,1735.41,614.89,40.01,117.37,-1,-1,-1,-1
19,8,1737.46,624.17,37.17,109.94,-1,-1,-1,-1
3,9,1406.29,574.55,42.35,130.07,-1,-1,-1,-1
4,9,1405.87,572.26,43.49,134.02,-1,-1,-1,-1
5,9,1382.91,561.78,41.34,125.42,-1,-1,-1,-1
6,9,1383.85,563.91,39.82,120.65,-1,-1,-1,-1
7,9,1383.92,566.43,38.52,116.43,-1,-1,-1,-1
8,9,1383.35,562.89,40.21,122.73,-1,-1,-1,-1
9,9,1389.43,564.80,44.36,134.31,-1,-1,-1,-1
10,9,1388.68,562.25,45.98,138.34,-1,-1,-1,-1
4,10,1357.88,532.63,28.36,87.62,-1,-1,-1,-1
5,10,1357.89,526.33,27.63,84.84,-1,-1,-1,-1
6,10,1351.55,526.26,27.04,84.19,-1,-1,-1,-1
7,10,1350.58,525.46,27.64,86.68,-1,-1,-1,-1
5,11,1327.42,648.30,71.90,223.52,-1,-1,-1,-1
6,11,1319.30,650.10,70.97,220.43,-1,-1,-1,-1
7,11,1309.34,643.14,75.73,233.30,-1,-1,-1,-1
8,11,1300.24,641.34,78.91,236.53,-1,-1,-1,-1
9,11,1298.61,637.55,80.38,244.21,-1,-1,-1,-1
10,11,1279.13,632.73,90.76,271.21,-1,-1,-1,-1
11,11,1268.92,626.19,95.69,284.11,-1,-1,-1,-1
5,12,1397.98,568.48,42.95,128.34,-1,-1,-1,-1
8,13,1441.77,565.69,36.85,114.53,-1,-1,-1,-1
9,14,1350.81,518.10,26.88,84.91,-1,-1,-1,-1
10,14,1350.76,519.49,26.38,82.37,-1,-1,-1,-1
11,15,1521.46,694.75,84.04,242.68,-1,-1,-1,-1
12,15,1515.88,707.94,79.55,230.66,-1,-1,-1,-1
13,15,1502.22,685.51,90.82,260.98,-1,-1,-1,-1
11,16,1783.97,606.85,39.34,115.39,-1,-1,-1,-1
12,16,1781.46,605.39,45.52,132.14,-1,-1,-1,-1
13,16,1770.26,603.69,52.04,151.34,-1,-1,-1,-1
12,17,1336.52,530.97,24.84,75.14,-1,-1,-1,-1
13,17,1334.56,524.28,28.18,88.46,-1,-1,-1,-1
14,17,1333.54,515.78,28.92,90.23,-1,-1,-1,-1
15,17,1334.00,518.05,27.39,84.05,-1,-1,-1,-1
13,18,1221.28,642.77,78.32,236.06,-1,-1,-1,-1
14,18,1214.61,645.48,76.34,230.73,-1,-1,-1,-1
13,19,1374.64,566.06,42.54,130.75,-1,-1,-1,-1
14,19,1370.34,573.39,36.93,115.46,-1,-1,-1,-1
15,19,1366.68,568.55,41.43,125.96,-1,-1,-1,-1
16,19,1350.86,561.99,44.64,137.95,-1,-1,-1,-1
17,19,1350.12,564.62,41.97,132.04,-1,-1,-1,-1
18,19,1336.55,559.79,40.92,128.21,-1,-1,-1,-1
19,19,1336.63,566.70,37.25,116.49,-1,-1,-1,-1
20,19,1321.92,558.68,37.68,116.82,-1,-1,-1,-1
21,19,1318.98,561.98,40.14,123.30,-1,-1,-1,-1
22,19,1311.81,562.32,39.18,123.14,-1,-1,-1,-1
23,19,1295.93,544.17,41.63,129.46,-1,-1,-1,-1
24,19,1296.31,555.67,38.00,120.73,-1,-1,-1,-1
25,19,1279.86,544.92,41.16,127.46,-1,-1,-1,-1
26,19,1272.95,555.34,38.90,122.43,-1,-1,-1,-1
27,19,1262.25,541.21,43.35,134.27,-1,-1,-1,-1
28,19,1248.05,543.06,41.87,130.76,-1,-1,-1,-1
29,19,1244.93,539.28,44.42,138.61,-1,-1,-1,-1
30,19,1232.89,555.77,37.98,120.45,-1,-1,-1,-1
31,19,1222.96,561.14,40.10,124.68,-1,-1,-1,-1
32,19,1207.57,558.47,40.96,130.53,-1,-1,-1,-1
33,19,1196.39,551.31,46.12,145.12,-1,-1,-1,-1
34,19,1182.28,547.27,43.11,136.75,-1,-1,-1,-1
35,19,1162.21,544.31,52.29,160.99,-1,-1,-1,-1
36,19,1159.05,550.15,41.68,131.33,-1,-1,-1,-1
37,19,1144.78,553.38,38.64,124.56,-1,-1,-1,-1
15,20,1479.19,558.47,42.26,130.25,-1,-1,-1,-1
16,20,1469.95,557.02,44.04,134.64,-1,-1,-1,-1
15,21,1466.85,672.82,97.69,287.47,-1,-1,-1,-1
15,22,1408.60,772.78,102.70,295.20,-1,-1,-1,-1
16,23,1410.92,564.21,34.23,103.61,-1,-1,-1,-1
17,24,1320.32,524.70,24.03,70.90,-1,-1,-1,-1
18,24,1319.85,516.54,23.92,72.61,-1,-1,-1,-1
19,24,1304.71,523.48,24.39,74.71,-1,-1,-1,-1
18,25,1181.88,653.97,75.50,227.00,-1,-1,-1,-1
19,25,1165.18,644.61,77.63,231.45,-1,-1,-1,-1
20,25,1156.01,637.65,81.56,245.64,-1,-1,-1,-1
21,25,1149.63,649.61,78.96,235.08,-1,-1,-1,-1
18,26,1462.66,557.18,43.11,131.72,-1,-1,-1,-1
19,27,1394.03,568.18,36.00,109.15,-1,-1,-1,-1
20,27,1377.63,562.41,36.24,108.85,-1,-1,-1,-1
21,27,1379.51,565.74,33.66,101.57,-1,-1,-1,-1
20,28,1448.14,558.88,38.13,116.04,-1,-1,-1,-1
21,29,1414.11,707.44,90.81,265.61,-1,-1,-1,-1
21,30,1726.46,616.54,42.34,126.29,-1,-1,-1,-1
22,30,1725.78,616.50,42.53,126.29,-1,-1,-1,-1
23,30,1715.38,605.88,49.90,149.02,-1,-1,-1,-1
24,30,1713.88,607.08,52.09,158.63,-1,-1,-1,-1
25,30,1704.60,597.60,56.10,166.50,-1,-1,-1,-1
21,31,1289.08,525.55,23.72,70.38,-1,-1,-1,-1
22,31,1286.32,519.68,26.95,81.77,-1,-1,-1,-1
23,31,1270.35,517.37,28.73,87.95,-1,-1,-1,-1
24,31,1268.29,512.00,31.62,97.28,-1,-1,-1,-1
25,31,1254.99,528.24,26.09,80.03,-1,-1,-1,-1
23,32,1361.27,561.12,37.48,110.87,-1,-1,-1,-1
24,32,1344.77,559.89,37.98,114.48,-1,-1,-1,-1
25,32,1343.70,559.67,41.10,127.11,-1,-1,-1,-1
26,32,1325.61,554.53,45.69,137.18,-1,-1,-1,-1
27,32,1306.23,560.77,35.82,111.19,-1,-1,-1,-1
28,32,1302.42,554.53,45.31,137.04,-1,-1,-1,-1
29,32,1374.26,556.11,45.06,134.88,-1,-1,-1,-1
30,32,1364.11,555.93,46.37,137.21,-1,-1,-1,-1
25,33,1407.63,557.42,43.16,133.48,-1,-1,-1,-1
26,33,1398.77,557.26,43.02,132.96,-1,-1,-1,-1
27,33,1393.96,554.57,51.42,154.65,-1,-1,-1,-1
28,34,1691.88,605.74,50.73,149.97,-1,-1,-1,-1
28,35,1051.40,654.90,99.55,288.31,-1,-1,-1,-1
29,35,1039.34,648.27,106.35,303.14,-1,-1,-1,-1
29,36,1212.73,513.86,30.97,93.82,-1,-1,-1,-1
31,37,1281.83,559.51,36.56,112.90,-1,-1,-1,-1
32,37,1262.71,555.84,43.37,134.02,-1,-1,-1,-1
33,37,1333.62,556.27,44.92,135.26,-1,-1,-1,-1
34,37,1316.37,552.23,47.65,142.99,-1,-1,-1,-1
35,37,1306.25,547.49,51.09,152.49,-1,-1,-1,-1
36,37,1290.76,548.48,51.20,152.62,-1,-1,-1,-1
37,37,1281.69,550.68,51.18,149.44,-1,-1,-1,-1
38,37,1265.58,549.69,51.35,151.52,-1,-1,-1,-1
39,37,1249.34,546.18,52.51,154.89,-1,-1,-1,-1
40,37,1232.39,539.93,55.60,167.34,-1,-1,-1,-1
41,37,1219.65,543.85,49.10,146.36,-1,-1,-1,-1
42,37,1206.52,536.07,58.96,175.11,-1,-1,-1,-1
43,37,1187.82,540.00,50.12,151.59,-1,-1,-1,-1
44,37,1179.00,544.53,48.75,143.21,-1,-1,-1,-1
45,37,1156.17,541.59,48.91,147.98,-1,-1,-1,-1
46,37,1139.84,541.01,49.44,150.59,-1,-1,-1,-1
47,37,1123.54,540.90,49.35,149.16,-1,-1,-1,-1
48,37,1110.32,543.76,43.19,128.82,-1,-1,-1,-1
49,37,1087.33,546.33,42.34,125.47,-1,-1,-1,-1
50,37,1071.55,546.56,42.12,125.94,-1,-1,-1,-1
51,37,1057.96,551.01,37.66,114.52,-1,-1,-1,-1
31,38,1008.79,661.59,101.47,292.96,-1,-1,-1,-1
32,38,1003.54,675.28,97.51,280.99,-1,-1,-1,-1
33,38,987.24,674.76,96.51,281.93,-1,-1,-1,-1
34,38,961.54,670.23,100.68,292.23,-1,-1,-1,-1
35,38,949.89,689.08,92.18,269.09,-1,-1,-1,-1
36,38,922.47,676.80,99.32,293.81,-1,-1,-1,-1
37,38,898.02,677.24,99.25,294.45,-1,-1,-1,-1
38,38,871.08,670.44,105.44,308.61,-1,-1,-1,-1
39,38,846.84,672.19,107.19,319.49,-1,-1,-1,-1
40,38,820.82,668.78,111.33,326.47,-1,-1,-1,-1
31,39,1191.82,520.06,26.76,80.95,-1,-1,-1,-1
32,39,1181.69,516.93,28.80,87.38,-1,-1,-1,-1
33,39,1165.23,514.02,31.42,93.78,-1,-1,-1,-1
34,40,1239.66,555.11,40.95,123.73,-1,-1,-1,-1
35,40,1224.42,557.80,39.86,119.02,-1,-1,-1,-1
36,40,1214.96,555.86,41.39,123.29,-1,-1,-1,-1
37,40,1197.44,551.70,44.39,131.02,-1,-1,-1,-1
38,40,1182.88,550.23,43.65,132.97,-1,-1,-1,-1
39,40,1167.44,550.63,43.46,131.36,-1,-1,-1,-1
40,40,1151.76,548.30,43.52,133.12,-1,-1,-1,-1
41,40,1138.50,554.99,36.06,109.31,-1,-1,-1,-1
42,40,1118.43,544.91,45.91,140.80,-1,-1,-1,-1
43,40,1109.94,545.64,43.21,128.03,-1,-1,-1,-1
44,40,1096.38,546.16,40.55,123.72,-1,-1,-1,-1
45,40,1080.58,548.66,39.49,119.89,-1,-1,-1,-1
46,40,1065.53,551.74,37.37,112.63,-1,-1,-1,-1
47,40,1047.91,546.28,41.13,123.30,-1,-1,-1,-1
48,40,1031.76,544.66,41.17,125.30,-1,-1,-1,-1
34,41,1650.37,607.35,51.52,159.35,-1,-1,-1,-1
36,42,1635.21,612.68,48.60,149.41,-1,-1,-1,-1
37,42,1615.82,596.65,56.32,169.30,-1,-1,-1,-1
38,42,1607.71,602.98,56.00,169.86,-1,-1,-1,-1
39,42,1597.42,599.38,58.75,176.58,-1,-1,-1,-1
40,42,1584.06,590.81,57.50,177.67,-1,-1,-1,-1
41,42,1568.82,581.17,70.76,212.08,-1,-1,-1,-1
42,42,1564.30,592.28,63.93,190.15,-1,-1,-1,-1
43,42,1546.11,585.34,68.52,204.25,-1,-1,-1,-1
36,43,1131.59,513.67,31.23,92.72,-1,-1,-1,-1
37,43,1118.05,517.27,28.67,84.56,-1,-1,-1,-1
38,43,1109.18,511.80,29.42,82.85,-1,-1,-1,-1
37,44,1877.86,629.18,42.96,132.78,-1,-1,-1,-1
38,44,1864.42,602.74,54.67,169.62,-1,-1,-1,-1
39,44,1848.52,598.35,57.27,179.01,-1,-1,-1,-1
40,44,1837.13,590.66,61.90,193.46,-1,-1,-1,-1
41,44,1822.38,600.36,60.20,189.58,-1,-1,-1,-1
39,45,1120.12,547.30,39.13,121.56,-1,-1,-1,-1
40,45,1105.10,549.04,38.74,118.91,-1,-1,-1,-1
41,45,1087.93,554.79,39.38,121.81,-1,-1,-1,-1
42,45,1069.53,549.20,43.88,133.77,-1,-1,-1,-1
43,45,1054.44,551.59,42.04,128.19,-1,-1,-1,-1
44,45,1036.78,545.58,46.96,142.05,-1,-1,-1,-1
45,45,1014.83,551.31,42.88,130.41,-1,-1,-1,-1
46,45,1009.67,553.82,36.08,110.07,-1,-1,-1,-1
47,45,991.97,550.67,38.73,116.55,-1,-1,-1,-1
48,45,971.26,556.53,33.77,104.23,-1,-1,-1,-1
49,45,939.59,564.57,33.07,103.64,-1,-1,-1,-1
50,45,929.09,541.14,38.81,118.78,-1,-1,-1,-1
51,45,906.87,555.40,35.17,106.18,-1,-1,-1,-1
42,46,768.62,680.26,103.46,304.35,-1,-1,-1,-1
43,46,734.43,673.62,108.67,318.10,-1,-1,-1,-1
44,46,710.61,679.36,109.04,319.30,-1,-1,-1,-1
45,46,683.52,673.66,112.81,331.31,-1,-1,-1,-1
46,46,641.93,666.18,118.01,348.09,-1,-1,-1,-1
47,46,612.55,683.09,111.65,329.12,-1,-1,-1,-1
48,46,570.13,674.27,117.88,347.82,-1,-1,-1,-1
49,46,534.88,676.24,123.18,358.60,-1,-1,-1,-1
42,47,1055.25,517.61,25.15,70.51,-1,-1,-1,-1
43,48,1615.30,602.83,56.78,169.66,-1,-1,-1,-1
44,48,1609.37,609.68,52.75,156.37,-1,-1,-1,-1
43,49,1796.38,589.05,63.60,197.16,-1,-1,-1,-1
44,49,1783.45,600.35,57.26,175.33,-1,-1,-1,-1
44,50,916.44,762.66,112.09,315.82,-1,-1,-1,-1
45,50,895.27,773.88,105.55,292.87,-1,-1,-1,-1
47,51,1723.50,586.83,66.22,201.58,-1,-1,-1,-1
47,52,1559.16,609.61,57.36,172.41,-1,-1,-1,-1
48,52,1544.96,611.43,55.36,166.86,-1,-1,-1,-1
49,52,1528.65,604.77,54.85,166.65,-1,-1,-1,-1
50,52,1510.74,598.88,59.58,176.86,-1,-1,-1,-1
51,52,1498.49,610.35,51.94,155.42,-1,-1,-1,-1
52,52,1482.82,607.57,51.06,147.63,-1,-1,-1,-1
53,52,1465.69,615.58,53.02,160.83,-1,-1,-1,-1
54,52,1438.96,612.71,59.66,182.71,-1,-1,-1,-1
55,52,1423.68,614.32,57.95,179.47,-1,-1,-1,-1
56,52,1410.75,625.05,50.60,158.06,-1,-1,-1,-1
57,52,1383.64,630.59,58.20,179.14,-1,-1,-1,-1
58,52,1366.14,630.58,59.47,178.59,-1,-1,-1,-1
59,52,1348.96,634.42,62.02,186.11,-1,-1,-1,-1
60,52,1326.29,632.57,61.12,178.21,-1,-1,-1,-1
61,52,1310.62,631.67,59.45,175.60,-1,-1,-1,-1
62,52,1295.97,638.22,56.99,166.73,-1,-1,-1,-1
63,52,1273.03,639.21,55.89,163.90,-1,-1,-1,-1
64,52,1249.29,643.95,55.81,167.65,-1,-1,-1,-1
65,52,1230.90,639.45,58.85,176.82,-1,-1,-1,-1
66,52,1217.80,640.92,52.55,159.92,-1,-1,-1,-1
67,52,1191.20,638.26,59.24,180.34,-1,-1,-1,-1
68,52,1166.72,642.55,58.21,173.10,-1,-1,-1,-1
69,52,1143.92,645.23,56.25,168.20,-1,-1,-1,-1
70,52,1121.24,652.72,54.67,164.63,-1,-1,-1,-1
71,52,1098.73,657.20,51.63,157.95,-1,-1,-1,-1
49,53,1688.11,599.60,57.16,176.67,-1,-1,-1,-1
50,53,1670.20,594.99,60.20,185.60,-1,-1,-1,-1
51,53,1646.97,603.47,59.15,183.04,-1,-1,-1,-1
52,53,1624.20,608.35,57.41,175.06,-1,-1,-1,-1
50,54,992.90,544.29,38.35,112.86,-1,-1,-1,-1
51,54,970.01,547.41,36.59,107.72,-1,-1,-1,-1
52,54,954.83,557.48,33.30,100.19,-1,-1,-1,-1
50,55,1117.23,548.29,44.35,132.25,-1,-1,-1,-1
51,55,1092.66,547.33,46.39,136.22,-1,-1,-1,-1
52,55,1072.05,558.00,39.76,116.04,-1,-1,-1,-1
53,55,1055.43,564.40,40.42,117.00,-1,-1,-1,-1
54,55,1029.90,558.39,44.29,130.70,-1,-1,-1,-1
55,55,1015.38,565.30,40.21,117.55,-1,-1,-1,-1
56,55,988.58,557.63,46.89,134.97,-1,-1,-1,-1
57,55,963.01,560.58,49.36,143.09,-1,-1,-1,-1
58,55,940.47,560.29,48.49,142.91,-1,-1,-1,-1
59,55,925.62,566.79,43.89,129.47,-1,-1,-1,-1
60,55,906.16,560.24,50.32,143.28,-1,-1,-1,-1
61,55,882.86,562.81,49.50,142.50,-1,-1,-1,-1
62,55,859.66,565.56,48.49,144.87,-1,-1,-1,-1
63,55,835.23,567.65,49.14,142.82,-1,-1,-1,-1
64,55,783.22,570.06,41.20,125.76,-1,-1,-1,-1
65,55,787.42,563.73,51.00,151.65,-1,-1,-1,-1
66,55,740.21,566.80,48.43,146.00,-1,-1,-1,-1
67,55,745.48,573.84,51.06,145.85,-1,-1,-1,-1
68,55,690.89,568.93,48.93,144.07,-1,-1,-1,-1
69,55,688.75,565.46,53.83,151.27,-1,-1,-1,-1
51,56,1432.12,630.97,57.26,178.24,-1,-1,-1,-1
52,56,1423.01,641.38,56.26,171.90,-1,-1,-1,-1
53,56,1397.26,631.40,62.34,193.49,-1,-1,-1,-1
54,56,1383.25,637.61,58.32,178.76,-1,-1,-1,-1
55,56,1360.93,628.05,71.35,216.41,-1,-1,-1,-1
56,56,1355.34,636.21,65.46,198.25,-1,-1,-1,-1
57,56,1320.93,631.62,70.60,210.63,-1,-1,-1,-1
58,56,1307.68,643.89,65.20,199.21,-1,-1,-1,-1
59,56,1281.77,643.76,70.22,215.69,-1,-1,-1,-1
60,56,1263.19,640.66,74.17,221.94,-1,-1,-1,-1
61,56,1239.19,640.24,74.33,224.82,-1,-1,-1,-1
62,56,1221.14,635.95,78.42,233.97,-1,-1,-1,-1
63,56,1188.56,632.95,80.38,240.98,-1,-1,-1,-1
64,56,1163.23,641.82,82.73,252.43,-1,-1,-1,-1
65,56,1136.16,636.05,88.55,264.77,-1,-1,-1,-1
66,56,1116.00,651.35,82.84,249.12,-1,-1,-1,-1
67,56,1089.81,652.37,87.22,261.19,-1,-1,-1,-1
68,56,1069.00,661.28,80.98,244.56,-1,-1,-1,-1
69,56,1035.35,659.79,83.34,248.81,-1,-1,-1,-1
70,56,1014.15,676.13,76.19,230.72,-1,-1,-1,-1
71,56,982.47,673.41,76.61,235.65,-1,-1,-1,-1
72,56,947.30,663.69,83.41,255.58,-1,-1,-1,-1
73,56,915.20,645.56,98.60,294.09,-1,-1,-1,-1
74,56,889.29,665.94,87.45,267.30,-1,-1,-1,-1
75,56,863.59,671.28,90.41,272.45,-1,-1,-1,-1
76,56,836.08,664.45,96.47,288.29,-1,-1,-1,-1
77,56,799.69,681.39,90.56,270.65,-1,-1,-1,-1
78,56,763.87,685.66,98.05,292.16,-1,-1,-1,-1
79,56,724.54,695.81,95.22,287.32,-1,-1,-1,-1
80,56,681.36,694.73,102.63,305.15,-1,-1,-1,-1
81,56,648.12,685.23,104.90,310.02,-1,-1,-1,-1
82,56,607.54,685.62,105.68,310.46,-1,-1,-1,-1
83,56,567.87,691.26,105.51,313.87,-1,-1,-1,-1
84,56,523.20,692.79,113.09,328.40,-1,-1,-1,-1
85,56,481.37,701.20,117.82,343.12,-1,-1,-1,-1
86,56,457.43,720.17,118.43,335.42,-1,-1,-1,-1
87,56,391.68,728.08,121.04,336.54,-1,-1,-1,-1
51,57,698.87,771.29,113.73,312.65,-1,-1,-1,-1
54,58,1586.70,622.77,52.40,162.43,-1,-1,-1,-1
55,58,1560.70,618.78,55.28,169.42,-1,-1,-1,-1
58,59,1493.11,592.43,62.33,191.61,-1,-1,-1,-1
60,60,1435.49,601.51,66.51,205.67,-1,-1,-1,-1
61,60,1410.94,606.99,67.60,209.16,-1,-1,-1,-1
62,60,1388.80,613.86,63.74,196.43,-1,-1,-1,-1
63,60,1363.43,611.05,66.56,202.35,-1,-1,-1,-1
64,60,1346.54,617.84,66.40,203.56,-1,-1,-1,-1
60,61,870.37,563.95,44.27,135.08,-1,-1,-1,-1
62,62,1053.62,620.18,60.31,183.20,-1,-1,-1,-1
62,63,823.78,568.63,41.45,126.47,-1,-1,-1,-1
63,63,806.16,567.95,42.90,129.29,-1,-1,-1,-1
64,63,812.33,570.54,48.22,140.81,-1,-1,-1,-1
65,63,758.94,567.81,42.13,129.78,-1,-1,-1,-1
66,63,762.04,565.65,51.71,148.31,-1,-1,-1,-1
67,63,710.40,574.77,44.04,131.59,-1,-1,-1,-1
68,63,713.95,568.08,52.07,147.81,-1,-1,-1,-1
69,63,667.74,568.38,47.91,144.08,-1,-1,-1,-1
70,63,667.72,573.44,49.82,147.04,-1,-1,-1,-1
71,63,612.76,572.05,48.61,150.50,-1,-1,-1,-1
72,63,592.83,561.23,52.14,158.42,-1,-1,-1,-1
73,63,584.56,574.44,54.31,161.98,-1,-1,-1,-1
74,63,566.08,560.98,57.90,173.36,-1,-1,-1,-1
75,63,509.77,553.87,61.43,188.14,-1,-1,-1,-1
76,63,486.16,552.93,59.72,175.79,-1,-1,-1,-1
77,63,456.33,556.18,55.71,168.41,-1,-1,-1,-1
78,63,466.10,562.56,50.23,154.26,-1,-1,-1,-1
79,63,433.18,561.45,51.70,158.12,-1,-1,-1,-1
80,63,471.34,569.38,41.35,126.25,-1,-1,-1,-1
65,64,73.22,854.13,102.51,228.45,-1,-1,-1,-1
66,65,612.46,549.77,48.58,145.66,-1,-1,-1,-1
67,65,601.07,568.83,36.57,108.14,-1,-1,-1,-1
67,66,1261.70,619.33,59.64,185.62,-1,-1,-1,-1
69,67,1193.32,646.26,53.33,162.37,-1,-1,-1,-1
70,68,533.27,553.29,44.83,128.39,-1,-1,-1,-1
70,69,452.34,565.11,45.53,134.15,-1,-1,-1,-1
71,69,422.54,565.15,43.82,131.51,-1,-1,-1,-1
72,69,396.60,561.86,46.97,137.45,-1,-1,-1,-1
73,69,453.50,552.61,44.74,127.48,-1,-1,-1,-1
74,69,421.52,553.95,43.91,124.31,-1,-1,-1,-1
71,70,648.30,568.67,54.56,157.88,-1,-1,-1,-1
72,70,682.95,553.72,49.29,142.02,-1,-1,-1,-1
73,71,1048.39,648.24,56.58,174.85,-1,-1,-1,-1
74,71,1050.35,630.08,68.78,210.73,-1,-1,-1,-1
75,71,1000.03,635.65,73.39,217.41,-1,-1,-1,-1
76,71,982.81,630.05,75.78,227.30,-1,-1,-1,-1
74,72,340.22,561.19,46.46,137.97,-1,-1,-1,-1
75,73,1811.22,781.75,114.70,292.88,-1,-1,-1,-1
76,73,1783.26,770.97,138.31,299.69,-1,-1,-1,-1
77,73,1755.12,765.58,161.43,310.31,-1,-1,-1,-1
78,73,1725.29,755.54,157.24,314.96,-1,-1,-1,-1
79,73,1702.50,774.26,138.55,291.54,-1,-1,-1,-1
80,73,1670.94,780.96,138.11,278.60,-1,-1,-1,-1
81,73,1645.41,776.48,140.15,287.73,-1,-1,-1,-1
82,73,1599.58,766.21,153.10,307.76,-1,-1,-1,-1
83,73,1570.37,746.94,162.54,331.60,-1,-1,-1,-1
84,73,1528.56,752.92,166.84,335.45,-1,-1,-1,-1
85,73,1497.31,747.63,165.55,330.63,-1,-1,-1,-1
86,73,1463.62,746.63,167.68,332.72,-1,-1,-1,-1
87,73,1428.80,773.00,174.81,327.88,-1,-1,-1,-1
88,73,1398.00,800.34,156.00,288.69,-1,-1,-1,-1
89,73,1373.30,791.46,158.23,291.11,-1,-1,-1,-1
90,73,1352.39,821.15,135.51,246.96,-1,-1,-1,-1
91,73,1321.19,830.02,133.50,245.54,-1,-1,-1,-1
92,73,1274.19,852.27,131.95,231.75,-1,-1,-1,-1
75,74,532.75,557.05,61.31,179.60,-1,-1,-1,-1
76,74,502.17,554.67,58.71,171.11,-1,-1,-1,-1
77,74,489.38,563.17,51.28,152.98,-1,-1,-1,-1
76,75,281.93,555.09,51.11,151.43,-1,-1,-1,-1
77,75,251.36,554.19,50.61,154.05,-1,-1,-1,-1
78,75,220.22,557.67,49.09,148.99,-1,-1,-1,-1
79,75,273.98,546.53,51.84,155.23,-1,-1,-1,-1
80,75,290.55,539.15,50.04,153.59,-1,-1,-1,-1
81,75,262.37,550.27,42.43,130.62,-1,-1,-1,-1
77,76,361.91,547.69,52.00,153.34,-1,-1,-1,-1
78,77,834.49,632.23,68.79,207.94,-1,-1,-1,-1
79,77,811.51,642.54,64.56,200.74,-1,-1,-1,-1
80,77,777.84,637.98,68.75,212.96,-1,-1,-1,-1
81,77,745.86,642.65,69.79,217.68,-1,-1,-1,-1
82,77,724.99,656.58,61.50,190.47,-1,-1,-1,-1
83,77,760.22,663.56,56.98,176.72,-1,-1,-1,-1
84,77,729.51,670.84,53.13,162.38,-1,-1,-1,-1
85,77,728.27,732.45,55.58,166.66,-1,-1,-1,-1
86,77,706.18,753.53,49.69,140.49,-1,-1,-1,-1
79,78,212.83,547.84,60.77,183.36,-1,-1,-1,-1
80,78,227.82,549.69,49.47,148.02,-1,-1,-1,-1
81,78,204.86,551.31,47.11,141.67,-1,-1,-1,-1
80,79,403.50,572.07,47.81,150.10,-1,-1,-1,-1
82,80,87.47,561.39,53.05,157.30,-1,-1,-1,-1
82,81,416.24,570.88,40.47,122.23,-1,-1,-1,-1
83,82,695.27,669.51,58.09,180.96,-1,-1,-1,-1
84,82,660.02,661.68,64.40,196.70,-1,-1,-1,-1
85,82,629.10,670.06,62.31,194.72,-1,-1,-1,-1
86,82,598.05,678.77,61.89,192.75,-1,-1,-1,-1
87,82,636.20,677.52,64.26,196.74,-1,-1,-1,-1
83,83,160.03,568.83,36.88,108.84,-1,-1,-1,-1
84,83,159.97,564.28,39.65,119.76,-1,-1,-1,-1
85,83,127.52,561.82,40.57,124.61,-1,-1,-1,-1
85,84,338.04,578.79,36.07,106.95,-1,-1,-1,-1
85,85,87.74,568.34,39.38,113.47,-1,-1,-1,-1
86,85,90.59,576.24,37.41,110.80,-1,-1,-1,-1
87,85,55.32,568.45,41.66,126.01,-1,-1,-1,-1
85,86,-15.19,575.09,51.38,147.79,-1,-1,-1,-1
87,87,279.87,584.00,38.58,113.59,-1,-1,-1,-1
88,87,246.04,573.26,44.24,134.94,-1,-1,-1,-1
89,87,212.64,570.22,46.75,141.47,-1,-1,-1,-1
90,87,180.23,576.91,47.35,143.32,-1,-1,-1,-1
87,88,15.68,574.89,38.31,111.96,-1,-1,-1,-1
88,88,13.97,564.25,46.67,136.01,-1,-1,-1,-1
88,89,109.39,598.80,45.82,146.19,-1,-1,-1,-1
89,90,280.25,763.16,105.40,299.36,-1,-1,-1,-1
90,90,261.60,786.15,94.59,267.31,-1,-1,-1,-1
92,91,506.58,789.79,50.35,145.55,-1,-1,-1,-1
93,91,470.79,778.51,58.19,169.79,-1,-1,-1,-1
92,92,431.82,691.17,72.58,218.50,-1,-1,-1,-1
93,92,396.20,690.46,79.72,235.28,-1,-1,-1,-1
94,92,376.69,688.31,88.25,254.46,-1,-1,-1,-1
94,93,8.78,793.97,103.51,284.42,-1,-1,-1,-1
94,94,352.57,680.78,87.15,254.82,-1,-1,-1,-1
95,94,336.57,692.22,87.05,247.25,-1,-1,-1,-1
96,94,302.84,685.43,91.30,262.44,-1,-1,-1,-1
97,94,262.50,686.68,92.78,273.71,-1,-1,-1,-1
98,94,220.84,689.54,96.40,285.15,-1,-1,-1,-1
99,94,169.45,692.82,86.65,263.23,-1,-1,-1,-1
100,94,130.89,700.94,99.13,292.39,-1,-1,-1,-1
95,95,1163.43,847.64,130.54,242.20,-1,-1,-1,-1
96,95,1120.03,854.73,136.71,242.50,-1,-1,-1,-1
97,95,1087.43,845.09,137.70,247.51,-1,-1,-1,-1
96,96,233.44,669.50,86.11,260.23,-1,-1,-1,-1
96,97,339.37,695.54,81.78,241.32,-1,-1,-1,-1
98,98,110.76,696.95,77.67,238.43,-1,-1,-1,-1
99,98,68.53,699.81,81.09,248.07,-1,-1,-1,-1
100,98,19.90,708.80,81.21,245.06,-1,-1,-1,-1
98,99,255.36,692.43,89.80,263.53,-1,-1,-1,-1
99,100,1009.44,838.01,133.54,246.09,-1,-1,-1,-1
100,100,965.31,853.05,124.85,231.39,-1,-1,-1,-1
101,100,918.85,866.29,123.10,219.75,-1,-1,-1,-1
106,101,698.00,878.54,116.40,212.97,-1,-1,-1,-1
107,101,650.37,883.46,114.90,201.45,-1,-1,-1,-1
108,101,600.85,868.71,118.54,215.73,-1,-1,-1,-1
109,101,550.92,863.18,122.66,226.16,-1,-1,-1,-1
110,101,495.09,876.42,122.87,216.35,-1,-1,-1,-1
107,102,1780.56,659.84,95.48,279.78,-1,-1,-1,-1
109,103,1699.67,666.18,96.72,282.06,-1,-1,-1,-1
111,104,1625.63,654.18,101.13,293.50,-1,-1,-1,-1
113,105,1848.55,580.25,71.94,215.08,-1,-1,-1,-1
114,106,301.68,924.42,94.61,169.25,-1,-1,-1,-1
115,106,258.70,941.58,82.30,151.07,-1,-1,-1,-1
116,106,213.31,952.01,77.47,144.21,-1,-1,-1,-1
124,107,974.11,688.82,78.05,237.14,-1,-1,-1,-1
126,108,879.47,672.93,89.49,270.85,-1,-1,-1,-1
127,108,886.75,680.55,108.06,318.57,-1,-1,-1,-1
127,109,828.57,668.44,93.91,280.70,-1,-1,-1,-1
127,110,1882.71,685.92,36.15,116.40,-1,-1,-1,-1
128,110,1846.76,684.43,44.09,134.78,-1,-1,-1,-1
129,110,1813.79,678.75,46.11,144.10,-1,-1,-1,-1
130,110,1877.79,678.84,43.17,132.60,-1,-1,-1,-1
131,110,1833.57,670.00,52.76,163.16,-1,-1,-1,-1
132,110,1799.69,667.66,55.26,167.19,-1,-1,-1,-1
133,110,1760.70,668.51,54.79,165.49,-1,-1,-1,-1
134,110,1727.87,676.84,54.59,164.90,-1,-1,-1,-1
135,110,1687.26,673.89,56.84,171.41,-1,-1,-1,-1
136,110,1653.73,678.67,59.79,177.91,-1,-1,-1,-1
137,110,1621.12,675.32,61.80,184.90,-1,-1,-1,-1
138,110,1596.44,674.93,62.88,186.34,-1,-1,-1,-1
129,111,730.32,667.66,98.95,296.56,-1,-1,-1,-1
130,111,680.59,666.21,101.68,300.44,-1,-1,-1,-1
130,112,1781.88,682.50,44.58,137.39,-1,-1,-1,-1
131,112,1754.06,667.06,50.27,154.93,-1,-1,-1,-1
132,112,1716.14,678.19,47.88,146.62,-1,-1,-1,-1
133,112,1683.54,680.69,47.53,143.26,-1,-1,-1,-1
134,112,1644.64,689.53,46.48,139.75,-1,-1,-1,-1
135,112,1610.54,685.16,50.46,149.77,-1,-1,-1,-1
136,112,1578.42,690.99,50.68,153.62,-1,-1,-1,-1
137,112,1545.34,687.90,53.49,161.23,-1,-1,-1,-1
138,112,1500.26,693.37,48.70,148.71,-1,-1,-1,-1
139,112,1473.23,686.83,53.07,161.36,-1,-1,-1,-1
140,112,1433.99,687.71,52.71,160.99,-1,-1,-1,-1
141,112,1407.59,682.88,56.98,169.98,-1,-1,-1,-1
142,112,1375.76,687.34,55.60,162.65,-1,-1,-1,-1
143,112,1336.10,686.36,56.17,165.58,-1,-1,-1,-1
144,112,1311.78,689.29,55.23,160.38,-1,-1,-1,-1
145,112,1289.35,705.51,52.52,157.53,-1,-1,-1,-1
146,112,1259.24,715.75,49.92,151.17,-1,-1,-1,-1
147,112,1281.67,687.97,68.89,207.01,-1,-1,-1,-1
148,112,1256.11,677.71,72.20,213.37,-1,-1,-1,-1
149,112,1222.20,698.67,61.27,186.13,-1,-1,-1,-1
150,112,1188.33,694.59,64.07,194.81,-1,-1,-1,-1
151,112,1154.02,687.13,68.89,210.23,-1,-1,-1,-1
152,112,1119.99,690.09,73.40,219.40,-1,-1,-1,-1
153,112,1096.40,698.47,70.83,205.98,-1,-1,-1,-1
154,112,1068.06,711.04,63.81,192.82,-1,-1,-1,-1
155,112,1035.95,710.94,64.77,195.05,-1,-1,-1,-1
156,112,988.24,719.65,64.39,194.03,-1,-1,-1,-1
157,112,953.02,716.91,70.46,213.48,-1,-1,-1,-1
158,112,930.01,723.39,68.10,202.27,-1,-1,-1,-1
159,112,889.26,727.03,69.44,209.24,-1,-1,-1,-1
160,112,848.76,729.88,71.69,218.74,-1,-1,-1,-1
161,112,824.02,723.47,72.73,217.75,-1,-1,-1,-1
162,112,774.93,719.89,75.39,225.85,-1,-1,-1,-1
163,112,743.04,714.86,91.16,265.89,-1,-1,-1,-1
164,112,711.46,714.70,90.26,268.12,-1,-1,-1,-1
165,112,669.34,718.35,94.37,274.52,-1,-1,-1,-1
166,112,639.20,731.50,90.32,264.51,-1,-1,-1,-1
167,112,606.09,744.95,92.10,269.72,-1,-1,-1,-1
168,112,557.06,748.40,95.71,279.89,-1,-1,-1,-1
169,112,522.76,740.07,99.37,280.38,-1,-1,-1,-1
170,112,484.32,748.59,97.01,279.37,-1,-1,-1,-1
171,112,448.42,747.09,103.91,297.51,-1,-1,-1,-1
172,112,407.14,750.24,107.04,308.53,-1,-1,-1,-1
173,112,383.94,759.04,105.18,305.34,-1,-1,-1,-1
174,112,344.35,773.73,103.66,293.56,-1,-1,-1,-1
175,112,290.89,747.87,115.54,327.76,-1,-1,-1,-1
176,112,261.20,754.92,111.17,315.86,-1,-1,-1,-1
177,112,220.08,765.49,112.34,309.47,-1,-1,-1,-1
133,113,520.21,683.84,106.42,312.90,-1,-1,-1,-1
133,114,593.26,704.17,118.67,335.89,-1,-1,-1,-1
135,115,485.76,726.07,125.39,339.70,-1,-1,-1,-1
136,115,429.69,740.28,125.01,327.68,-1,-1,-1,-1
137,115,364.80,733.61,142.35,341.08,-1,-1,-1,-1
138,115,306.27,749.68,147.41,324.87,-1,-1,-1,-1
138,116,239.26,717.61,122.84,341.54,-1,-1,-1,-1
138,117,1564.66,680.43,63.10,189.07,-1,-1,-1,-1
139,117,1542.22,658.75,75.57,220.23,-1,-1,-1,-1
140,117,1503.49,666.61,74.40,218.46,-1,-1,-1,-1
141,117,1472.80,672.09,69.49,206.37,-1,-1,-1,-1
142,117,1441.05,676.59,69.41,201.24,-1,-1,-1,-1
143,117,1410.10,674.80,68.43,203.01,-1,-1,-1,-1
144,117,1379.49,678.69,64.90,195.11,-1,-1,-1,-1
145,117,1348.09,686.59,64.17,193.50,-1,-1,-1,-1
146,117,1321.49,681.86,69.37,205.52,-1,-1,-1,-1
140,118,182.30,748.21,155.76,343.51,-1,-1,-1,-1
140,119,111.15,718.56,138.42,356.31,-1,-1,-1,-1
141,119,131.87,752.67,143.37,334.80,-1,-1,-1,-1
142,119,63.35,762.10,138.60,315.50,-1,-1,-1,-1
143,119,1.86,762.29,131.94,315.41,-1,-1,-1,-1
141,120,1843.06,764.84,82.31,245.46,-1,-1,-1,-1
142,120,1819.60,740.71,96.72,280.10,-1,-1,-1,-1
143,120,1784.87,733.71,101.98,293.46,-1,-1,-1,-1
144,120,1750.25,751.59,92.36,272.04,-1,-1,-1,-1
145,120,1716.93,750.28,94.47,274.25,-1,-1,-1,-1
143,121,1456.62,574.84,38.41,113.93,-1,-1,-1,-1
147,122,1656.91,756.43,85.60,247.97,-1,-1,-1,-1
148,122,1621.77,742.89,93.10,272.54,-1,-1,-1,-1
149,122,1587.17,734.09,98.04,277.70,-1,-1,-1,-1
150,122,1561.20,731.43,100.86,281.10,-1,-1,-1,-1
151,122,1531.38,732.00,97.03,277.64,-1,-1,-1,-1
152,122,1499.90,735.57,95.70,273.69,-1,-1,-1,-1
153,122,1467.51,737.16,98.10,284.71,-1,-1,-1,-1
154,122,1440.64,736.84,101.53,286.78,-1,-1,-1,-1
155,122,1409.31,739.76,102.09,295.56,-1,-1,-1,-1
156,122,1376.04,739.42,104.42,297.77,-1,-1,-1,-1
157,122,1352.93,749.77,101.98,290.70,-1,-1,-1,-1
158,122,1319.62,740.99,103.67,295.27,-1,-1,-1,-1
159,122,1298.49,752.83,98.99,286.10,-1,-1,-1,-1
160,122,1264.65,748.88,102.48,293.83,-1,-1,-1,-1
161,122,1238.35,743.84,106.76,302.52,-1,-1,-1,-1
162,122,1205.66,743.95,107.17,305.05,-1,-1,-1,-1
163,122,1174.79,745.19,106.78,301.59,-1,-1,-1,-1
164,122,1142.34,745.72,107.76,302.07,-1,-1,-1,-1
165,122,1116.58,746.85,110.77,313.19,-1,-1,-1,-1
166,122,1085.54,770.14,108.37,298.82,-1,-1,-1,-1
167,122,1061.93,755.84,108.81,312.91,-1,-1,-1,-1
168,122,1032.04,779.15,105.87,297.71,-1,-1,-1,-1
169,122,1006.61,769.07,107.50,303.00,-1,-1,-1,-1
170,122,976.07,781.18,105.70,293.59,-1,-1,-1,-1
171,122,958.82,773.55,105.13,293.06,-1,-1,-1,-1
172,122,934.49,774.29,106.26,293.31,-1,-1,-1,-1
173,122,905.62,781.69,100.04,276.38,-1,-1,-1,-1
174,122,882.01,779.15,100.04,282.33,-1,-1,-1,-1
175,122,848.61,772.03,104.41,297.40,-1,-1,-1,-1
176,122,819.51,760.83,113.64,318.91,-1,-1,-1,-1
177,122,798.74,778.79,106.36,299.08,-1,-1,-1,-1
178,122,777.52,792.24,100.92,286.62,-1,-1,-1,-1
179,122,751.27,784.99,105.51,301.22,-1,-1,-1,-1
180,122,721.25,786.91,103.23,296.92,-1,-1,-1,-1
181,122,694.44,784.28,106.91,301.55,-1,-1,-1,-1
182,122,663.28,783.83,106.71,302.29,-1,-1,-1,-1
183,122,636.76,770.14,111.20,316.64,-1,-1,-1,-1
184,122,611.67,771.39,113.16,312.58,-1,-1,-1,-1
185,122,588.05,769.79,112.27,314.16,-1,-1,-1,-1
186,122,562.78,771.61,113.74,311.67,-1,-1,-1,-1
187,122,539.40,782.04,112.27,306.25,-1,-1,-1,-1
188,122,515.13,783.36,112.96,304.23,-1,-1,-1,-1
189,122,484.02,781.33,112.38,308.48,-1,-1,-1,-1
190,122,459.53,783.57,112.20,304.87,-1,-1,-1,-1
191,122,429.29,793.38,124.01,301.56,-1,-1,-1,-1
192,122,403.58,797.20,112.18,292.39,-1,-1,-1,-1
193,122,374.93,802.87,120.70,283.26,-1,-1,-1,-1
194,122,346.49,806.96,115.81,274.95,-1,-1,-1,-1
195,122,319.99,816.06,119.58,272.06,-1,-1,-1,-1
196,122,293.89,816.31,123.20,271.50,-1,-1,-1,-1
197,122,262.81,817.06,106.07,253.46,-1,-1,-1,-1
147,123,1209.74,696.59,52.92,160.02,-1,-1,-1,-1
148,123,1176.62,709.49,54.18,164.92,-1,-1,-1,-1
149,123,1146.12,721.38,50.85,157.11,-1,-1,-1,-1
150,123,1107.70,722.65,49.26,154.17,-1,-1,-1,-1
151,123,1081.18,709.85,53.36,165.48,-1,-1,-1,-1
152,123,1049.26,709.19,53.86,166.95,-1,-1,-1,-1
153,123,1012.83,725.80,47.86,149.13,-1,-1,-1,-1
154,123,983.00,718.35,59.34,180.60,-1,-1,-1,-1
155,123,952.22,722.35,55.61,172.14,-1,-1,-1,-1
156,123,1003.55,720.99,64.35,191.16,-1,-1,-1,-1
151,124,1258.64,575.12,34.57,98.81,-1,-1,-1,-1
157,125,1122.13,580.28,35.29,102.81,-1,-1,-1,-1
158,125,1103.42,577.03,38.13,109.49,-1,-1,-1,-1
159,125,1079.91,573.78,39.65,115.27,-1,-1,-1,-1
160,125,1062.00,574.24,40.10,114.98,-1,-1,-1,-1
161,125,1038.99,572.73,41.05,119.32,-1,-1,-1,-1
162,125,1022.18,574.80,40.86,115.86,-1,-1,-1,-1
163,125,998.61,580.11,40.38,116.94,-1,-1,-1,-1
164,125,976.51,579.70,40.83,119.19,-1,-1,-1,-1
165,125,958.68,579.92,41.17,118.70,-1,-1,-1,-1
166,125,942.68,581.57,41.22,117.77,-1,-1,-1,-1
167,125,924.94,578.51,44.39,122.93,-1,-1,-1,-1
168,125,902.32,584.83,40.91,113.28,-1,-1,-1,-1
169,125,878.51,585.87,42.76,121.93,-1,-1,-1,-1
170,125,863.03,586.63,40.29,109.50,-1,-1,-1,-1
171,125,845.73,581.91,42.03,116.33,-1,-1,-1,-1
172,125,824.47,584.41,39.70,112.42,-1,-1,-1,-1
173,125,806.05,586.46,41.15,108.92,-1,-1,-1,-1
174,125,783.91,590.30,39.61,112.89,-1,-1,-1,-1
175,125,766.55,589.54,40.96,114.23,-1,-1,-1,-1
176,125,749.54,587.76,42.12,117.36,-1,-1,-1,-1
177,125,727.98,587.71,41.70,119.42,-1,-1,-1,-1
178,125,709.52,583.78,44.51,126.42,-1,-1,-1,-1
179,125,694.28,587.32,41.90,119.88,-1,-1,-1,-1
180,125,676.89,587.73,42.61,117.97,-1,-1,-1,-1
181,125,660.61,585.79,42.80,121.75,-1,-1,-1,-1
182,125,638.61,580.19,42.90,122.31,-1,-1,-1,-1
183,125,620.00,576.74,47.19,138.96,-1,-1,-1,-1
184,125,602.98,577.40,47.45,138.81,-1,-1,-1,-1
185,125,587.50,579.61,47.05,135.04,-1,-1,-1,-1
186,125,572.31,583.25,45.71,130.70,-1,-1,-1,-1
187,125,555.12,585.76,46.91,136.77,-1,-1,-1,-1
188,125,539.87,587.97,46.80,135.22,-1,-1,-1,-1
189,125,523.34,585.60,48.23,139.85,-1,-1,-1,-1
190,125,507.43,587.84,47.90,136.27,-1,-1,-1,-1
191,125,490.18,589.10,49.42,147.31,-1,-1,-1,-1
192,125,474.25,588.40,49.29,137.28,-1,-1,-1,-1
193,125,457.37,593.45,49.47,139.62,-1,-1,-1,-1
194,125,441.47,593.56,49.58,138.59,-1,-1,-1,-1
195,125,420.64,595.36,46.97,136.14,-1,-1,-1,-1
196,125,404.80,596.01,47.53,136.63,-1,-1,-1,-1
197,125,387.82,600.89,48.30,139.48,-1,-1,-1,-1
198,125,371.26,600.00,49.59,142.35,-1,-1,-1,-1
199,125,354.70,599.71,51.06,144.13,-1,-1,-1,-1
200,125,339.84,603.61,48.64,137.76,-1,-1,-1,-1
201,125,322.23,601.51,51.20,142.83,-1,-1,-1,-1
202,125,305.94,600.14,51.92,146.98,-1,-1,-1,-1
203,125,288.81,604.82,51.51,146.86,-1,-1,-1,-1
204,125,272.37,603.33,53.41,153.13,-1,-1,-1,-1
205,125,255.63,603.86,53.89,151.99,-1,-1,-1,-1
206,125,241.39,604.65,52.76,151.41,-1,-1,-1,-1
207,125,226.16,606.84,53.94,158.72,-1,-1,-1,-1
208,125,213.72,606.37,55.95,159.91,-1,-1,-1,-1
209,125,199.10,609.45,55.47,156.56,-1,-1,-1,-1
210,125,180.86,608.77,59.24,161.46,-1,-1,-1,-1
211,125,166.79,612.71,59.08,167.77,-1,-1,-1,-1
212,125,150.99,611.04,59.69,170.22,-1,-1,-1,-1
213,125,140.50,618.42,59.79,168.78,-1,-1,-1,-1
214,125,123.32,618.09,62.16,170.31,-1,-1,-1,-1
215,125,107.18,615.46,64.48,177.14,-1,-1,-1,-1
216,125,91.03,618.23,67.13,186.62,-1,-1,-1,-1
217,125,82.66,620.12,64.33,182.11,-1,-1,-1,-1
218,125,67.63,618.39,65.88,188.44,-1,-1,-1,-1
219,125,51.63,620.11,66.76,197.20,-1,-1,-1,-1
220,125,40.58,621.56,70.25,198.37,-1,-1,-1,-1
221,125,28.32,631.96,65.55,189.81,-1,-1,-1,-1
222,125,18.51,637.96,67.15,194.04,-1,-1,-1,-1
223,125,11.35,650.61,64.18,184.95,-1,-1,-1,-1
224,125,2.11,655.62,65.87,190.04,-1,-1,-1,-1
225,125,-12.48,658.89,63.96,185.95,-1,-1,-1,-1
226,125,-15.47,660.40,69.30,199.39,-1,-1,-1,-1
158,126,848.04,736.36,56.55,174.91,-1,-1,-1,-1
159,126,818.15,751.26,52.35,161.36,-1,-1,-1,-1
160,126,786.68,758.99,51.64,161.58,-1,-1,-1,-1
161,126,749.36,754.00,60.87,187.61,-1,-1,-1,-1
162,126,718.83,727.80,74.41,225.60,-1,-1,-1,-1
163,126,681.32,741.26,69.21,212.48,-1,-1,-1,-1
165,127,609.62,721.47,84.80,252.95,-1,-1,-1,-1
166,127,571.22,732.72,82.04,246.28,-1,-1,-1,-1
167,127,530.30,739.01,83.56,249.81,-1,-1,-1,-1
168,127,490.09,755.36,84.19,249.48,-1,-1,-1,-1
168,128,477.10,756.42,78.44,232.21,-1,-1,-1,-1
169,128,440.52,742.91,87.10,257.59,-1,-1,-1,-1
170,128,408.02,743.42,88.45,259.12,-1,-1,-1,-1
176,129,148.20,764.65,112.73,311.20,-1,-1,-1,-1
180,130,28.23,775.52,128.07,304.08,-1,-1,-1,-1
181,130,-12.40,777.17,128.52,302.12,-1,-1,-1,-1
197,131,1858.69,596.92,50.07,149.47,-1,-1,-1,-1
198,131,1849.86,594.51,51.55,154.74,-1,-1,-1,-1
199,131,1840.54,586.07,54.47,170.65,-1,-1,-1,-1
200,131,1832.61,585.97,55.53,171.84,-1,-1,-1,-1
201,131,1823.68,583.85,57.08,175.21,-1,-1,-1,-1
199,132,202.52,826.30,114.42,251.21,-1,-1,-1,-1
200,132,185.23,833.09,100.62,237.48,-1,-1,-1,-1
201,132,159.14,835.31,104.87,233.09,-1,-1,-1,-1
200,133,261.27,832.66,77.47,205.62,-1,-1,-1,-1
201,133,237.76,842.64,75.16,187.54,-1,-1,-1,-1
202,133,209.15,845.76,84.10,196.24,-1,-1,-1,-1
203,133,134.18,833.82,106.61,238.19,-1,-1,-1,-1
204,133,153.43,863.19,83.76,193.21,-1,-1,-1,-1
205,133,119.74,868.52,87.04,198.74,-1,-1,-1,-1
204,134,1267.92,521.50,32.46,93.53,-1,-1,-1,-1
205,135,1798.58,579.03,59.19,184.55,-1,-1,-1,-1
206,135,1798.45,594.34,56.47,170.01,-1,-1,-1,-1
207,135,1790.59,579.61,59.45,184.17,-1,-1,-1,-1
208,135,1791.01,595.82,55.39,166.49,-1,-1,-1,-1
209,135,1781.52,577.98,60.96,185.74,-1,-1,-1,-1
210,135,1776.59,586.14,55.99,170.91,-1,-1,-1,-1
211,135,1776.50,587.79,54.93,165.88,-1,-1,-1,-1
212,135,1775.23,581.65,56.43,165.37,-1,-1,-1,-1
213,135,1775.20,584.58,54.33,158.19,-1,-1,-1,-1
214,135,1769.26,581.05,54.92,166.03,-1,-1,-1,-1
215,135,1767.51,579.77,56.39,167.31,-1,-1,-1,-1
216,135,1767.91,582.44,54.75,160.18,-1,-1,-1,-1
217,135,1768.06,583.66,54.35,160.81,-1,-1,-1,-1
218,135,1766.42,584.53,57.01,162.61,-1,-1,-1,-1
219,135,1767.37,585.00,56.01,161.70,-1,-1,-1,-1
220,135,1759.20,584.90,56.31,161.37,-1,-1,-1,-1
221,135,1760.34,590.48,55.41,161.18,-1,-1,-1,-1
222,135,1767.06,583.60,56.88,163.62,-1,-1,-1,-1
223,135,1766.68,580.76,58.66,168.98,-1,-1,-1,-1
224,135,1774.87,585.41,55.62,158.25,-1,-1,-1,-1
225,135,1773.41,578.17,60.34,174.13,-1,-1,-1,-1
226,135,1780.28,571.30,60.94,184.35,-1,-1,-1,-1
227,135,1787.11,570.22,61.92,186.80,-1,-1,-1,-1
228,135,1791.05,565.75,58.14,180.87,-1,-1,-1,-1
207,136,60.81,875.14,93.25,201.20,-1,-1,-1,-1
208,136,39.23,884.14,87.63,183.60,-1,-1,-1,-1
208,137,-3.43,852.14,94.59,231.87,-1,-1,-1,-1
209,137,3.80,888.75,79.16,188.63,-1,-1,-1,-1
210,137,-17.18,900.67,73.08,179.82,-1,-1,-1,-1
210,138,1236.57,505.84,33.25,95.32,-1,-1,-1,-1
211,138,1236.90,511.33,31.55,95.32,-1,-1,-1,-1
212,138,1236.45,507.13,30.40,91.77,-1,-1,-1,-1
213,138,1228.58,505.72,31.83,94.52,-1,-1,-1,-1
214,138,1224.96,498.12,36.89,109.58,-1,-1,-1,-1
215,138,1225.41,504.60,36.63,109.47,-1,-1,-1,-1
216,138,1225.05,500.64,35.97,104.86,-1,-1,-1,-1
217,138,1217.40,496.22,39.00,113.54,-1,-1,-1,-1
218,138,1217.11,495.21,39.64,115.40,-1,-1,-1,-1
219,138,1218.31,503.34,37.06,112.35,-1,-1,-1,-1
220,138,1216.49,499.34,40.08,119.69,-1,-1,-1,-1
221,138,1218.10,502.65,37.75,113.10,-1,-1,-1,-1
222,138,1223.45,496.02,38.61,114.10,-1,-1,-1,-1
218,139,330.10,538.87,36.39,107.09,-1,-1,-1,-1
219,139,322.97,539.58,35.78,105.61,-1,-1,-1,-1
220,139,318.98,533.89,40.82,118.26,-1,-1,-1,-1
221,139,312.60,534.33,38.88,113.75,-1,-1,-1,-1
222,139,311.06,529.39,39.59,111.12,-1,-1,-1,-1
223,139,304.47,537.42,38.20,108.73,-1,-1,-1,-1
224,139,302.14,536.10,40.85,112.85,-1,-1,-1,-1
225,139,297.80,539.75,37.26,106.62,-1,-1,-1,-1
226,139,294.57,540.45,40.83,117.59,-1,-1,-1,-1
227,139,290.76,539.76,37.35,106.31,-1,-1,-1,-1
228,139,287.51,536.09,39.09,110.94,-1,-1,-1,-1
229,139,286.75,537.80,39.23,108.59,-1,-1,-1,-1
230,139,282.91,540.20,35.94,105.10,-1,-1,-1,-1
231,139,281.01,540.92,36.97,103.78,-1,-1,-1,-1
232,139,277.57,535.75,41.04,112.66,-1,-1,-1,-1
233,139,272.55,534.55,39.54,114.00,-1,-1,-1,-1
234,139,271.48,528.11,40.97,114.65,-1,-1,-1,-1
235,139,268.20,527.80,45.12,126.89,-1,-1,-1,-1
236,139,270.28,533.70,40.23,114.33,-1,-1,-1,-1
237,139,262.63,522.58,42.78,124.75,-1,-1,-1,-1
238,139,260.18,520.19,44.11,126.89,-1,-1,-1,-1
239,139,256.98,522.37,41.80,125.44,-1,-1,-1,-1
240,139,255.41,522.29,42.71,125.54,-1,-1,-1,-1
241,139,254.29,527.06,43.13,127.04,-1,-1,-1,-1
242,139,252.71,526.59,42.81,116.03,-1,-1,-1,-1
243,139,247.26,531.56,40.49,119.05,-1,-1,-1,-1
244,139,245.99,531.22,41.95,120.94,-1,-1,-1,-1
245,139,244.19,527.78,44.52,128.45,-1,-1,-1,-1
246,139,240.40,531.37,41.99,123.83,-1,-1,-1,-1
247,139,239.01,540.61,40.46,116.70,-1,-1,-1,-1
248,139,236.10,535.21,44.79,127.78,-1,-1,-1,-1
249,139,232.57,538.45,41.82,124.17,-1,-1,-1,-1
250,139,231.82,537.81,42.10,124.43,-1,-1,-1,-1
251,139,232.80,549.43,38.47,114.04,-1,-1,-1,-1
252,139,232.47,548.96,39.44,115.93,-1,-1,-1,-1
253,139,232.25,548.52,40.83,119.79,-1,-1,-1,-1
254,139,235.95,547.96,44.37,121.31,-1,-1,-1,-1
255,139,237.25,548.46,42.74,120.95,-1,-1,-1,-1
256,139,237.60,550.22,42.34,117.45,-1,-1,-1,-1
257,139,237.49,555.88,42.26,118.61,-1,-1,-1,-1
258,139,236.83,552.73,43.51,123.97,-1,-1,-1,-1
259,139,238.32,552.52,43.27,124.13,-1,-1,-1,-1
260,139,237.46,548.52,44.74,132.49,-1,-1,-1,-1
261,139,237.56,547.15,47.58,138.01,-1,-1,-1,-1
262,139,241.81,546.65,48.81,140.32,-1,-1,-1,-1
263,139,242.65,545.25,49.86,145.03,-1,-1,-1,-1
264,139,244.30,542.05,49.72,149.31,-1,-1,-1,-1
265,139,248.18,549.71,50.57,148.06,-1,-1,-1,-1
266,139,251.50,561.97,46.85,136.61,-1,-1,-1,-1
267,139,252.01,558.25,48.07,145.40,-1,-1,-1,-1
268,139,259.18,560.98,46.99,140.64,-1,-1,-1,-1
269,139,260.18,562.66,46.07,139.04,-1,-1,-1,-1
270,139,262.32,568.74,45.89,139.15,-1,-1,-1,-1
271,139,266.63,561.72,49.18,144.17,-1,-1,-1,-1
272,139,268.84,559.72,47.83,145.41,-1,-1,-1,-1
273,139,273.75,556.77,50.20,148.14,-1,-1,-1,-1
274,139,276.06,556.39,48.14,149.83,-1,-1,-1,-1
275,139,281.29,553.34,52.06,156.07,-1,-1,-1,-1
276,139,288.60,546.67,50.59,153.29,-1,-1,-1,-1
277,139,300.57,552.43,45.12,142.60,-1,-1,-1,-1
224,140,1224.80,498.08,37.69,109.96,-1,-1,-1,-1
225,140,1227.30,506.59,34.02,104.38,-1,-1,-1,-1
226,140,1233.61,507.07,33.98,103.88,-1,-1,-1,-1
227,140,1233.80,503.04,35.51,111.79,-1,-1,-1,-1
228,140,1233.51,504.33,36.80,110.93,-1,-1,-1,-1
229,140,1233.82,502.67,36.79,113.82,-1,-1,-1,-1
230,140,1234.81,504.12,35.95,110.62,-1,-1,-1,-1
231,140,1240.60,504.36,36.10,109.53,-1,-1,-1,-1
232,140,1241.01,495.90,38.75,114.51,-1,-1,-1,-1
233,140,1247.63,496.65,38.43,113.45,-1,-1,-1,-1
234,140,1249.66,505.14,35.61,108.53,-1,-1,-1,-1
235,140,1250.29,507.46,36.34,107.63,-1,-1,-1,-1
236,140,1250.73,505.87,37.73,111.44,-1,-1,-1,-1
237,140,1258.40,514.94,34.81,103.82,-1,-1,-1,-1
238,140,1263.77,511.22,38.48,111.84,-1,-1,-1,-1
239,140,1264.82,515.72,37.59,106.88,-1,-1,-1,-1
240,140,1266.96,522.75,35.22,105.41,-1,-1,-1,-1
241,140,1268.29,524.05,34.32,103.70,-1,-1,-1,-1
242,140,1271.38,521.01,38.84,111.15,-1,-1,-1,-1
243,140,1271.97,519.47,38.99,114.45,-1,-1,-1,-1
244,140,1277.78,515.99,42.01,121.42,-1,-1,-1,-1
245,140,1279.99,518.52,39.45,116.10,-1,-1,-1,-1
246,140,1281.15,518.19,40.05,118.68,-1,-1,-1,-1
247,140,1286.11,518.06,41.10,118.61,-1,-1,-1,-1
248,140,1289.66,522.23,37.76,109.70,-1,-1,-1,-1
249,140,1298.68,531.41,35.91,105.85,-1,-1,-1,-1
250,140,1303.76,526.76,38.34,112.42,-1,-1,-1,-1
251,140,1304.19,515.38,41.70,123.53,-1,-1,-1,-1
252,140,1313.49,528.88,38.17,111.33,-1,-1,-1,-1
253,140,1318.99,523.64,40.95,119.70,-1,-1,-1,-1
254,140,1326.84,524.33,41.36,118.85,-1,-1,-1,-1
255,140,1333.69,523.22,42.55,121.74,-1,-1,-1,-1
256,140,1341.72,520.57,44.58,128.82,-1,-1,-1,-1
257,140,1351.85,531.94,40.01,119.14,-1,-1,-1,-1
258,140,1357.57,526.02,45.41,133.15,-1,-1,-1,-1
259,140,1364.34,524.77,46.79,136.74,-1,-1,-1,-1
260,140,1371.28,529.99,47.63,140.60,-1,-1,-1,-1
261,140,1378.10,530.34,51.89,155.04,-1,-1,-1,-1
262,140,1386.74,533.50,51.44,150.02,-1,-1,-1,-1
231,141,344.15,463.76,23.07,61.96,-1,-1,-1,-1
233,142,345.56,459.97,20.58,54.92,-1,-1,-1,-1
239,143,1829.78,571.35,90.56,265.36,-1,-1,-1,-1
240,144,345.59,453.38,19.89,52.62,-1,-1,-1,-1
241,144,313.47,459.16,21.22,58.65,-1,-1,-1,-1
249,145,305.71,464.22,21.82,62.91,-1,-1,-1,-1
250,145,303.90,460.72,23.73,68.28,-1,-1,-1,-1
251,145,305.49,463.56,21.81,65.04,-1,-1,-1,-1
251,146,378.97,438.61,18.45,50.84,-1,-1,-1,-1
264,147,1399.95,530.37,57.02,170.24,-1,-1,-1,-1
265,147,1416.00,538.39,54.16,157.57,-1,-1,-1,-1
266,147,1435.16,548.09,46.31,136.58,-1,-1,-1,-1
277,148,402.04,473.49,21.45,62.07,-1,-1,-1,-1
279,149,311.11,556.00,44.69,136.66,-1,-1,-1,-1
280,149,315.40,555.51,50.13,153.30,-1,-1,-1,-1
281,149,330.53,563.78,48.12,138.43,-1,-1,-1,-1
282,149,339.50,572.63,46.08,135.59,-1,-1,-1,-1
283,149,348.71,584.64,43.74,128.35,-1,-1,-1,-1
284,149,347.68,582.06,50.00,147.69,-1,-1,-1,-1
285,149,356.39,586.64,46.71,137.03,-1,-1,-1,-1
286,149,365.17,588.66,47.21,135.71,-1,-1,-1,-1
287,149,373.80,591.72,45.79,129.80,-1,-1,-1,-1
288,149,381.65,590.72,46.12,129.30,-1,-1,-1,-1
289,149,389.80,589.81,46.66,134.15,-1,-1,-1,-1
280,150,433.31,482.24,21.89,58.36,-1,-1,-1,-1
281,151,441.30,429.46,23.01,69.10,-1,-1,-1,-1
283,152,455.07,482.17,26.17,77.84,-1,-1,-1,-1
286,153,358.21,536.82,27.42,77.00,-1,-1,-1,-1
288,154,366.48,533.28,25.90,71.21,-1,-1,-1,-1
289,154,374.65,532.14,25.41,71.28,-1,-1,-1,-1
288,155,480.25,494.84,23.17,65.07,-1,-1,-1,-1
291,156,380.19,521.39,28.66,77.85,-1,-1,-1,-1
292,156,387.56,517.52,29.69,83.90,-1,-1,-1,-1
293,156,388.55,517.33,28.89,83.54,-1,-1,-1,-1
294,156,397.96,517.66,25.23,70.38,-1,-1,-1,-1
295,156,404.73,514.15,26.93,75.87,-1,-1,-1,-1
296,156,406.03,510.96,28.36,80.99,-1,-1,-1,-1
297,156,413.08,508.64,27.79,72.99,-1,-1,-1,-1
298,156,419.35,500.99,29.77,86.09,-1,-1,-1,-1
299,156,420.49,491.42,31.28,90.24,-1,-1,-1,-1
294,157,451.00,574.33,49.90,146.70,-1,-1,-1,-1
295,157,467.76,584.58,47.05,139.75,-1,-1,-1,-1
296,157,474.40,572.33,50.22,151.74,-1,-1,-1,-1
298,158,492.55,538.23,58.26,171.00,-1,-1,-1,-1
299,158,503.52,544.79,53.59,155.28,-1,-1,-1,-1
300,158,515.52,559.74,47.33,142.37,-1,-1,-1,-1
301,158,521.44,554.89,52.09,153.83,-1,-1,-1,-1
302,158,546.51,569.35,49.24,140.20,-1,-1,-1,-1
303,158,561.68,570.62,50.00,140.33,-1,-1,-1,-1
304,158,577.62,572.21,51.98,150.70,-1,-1,-1,-1
305,158,592.76,598.05,53.84,161.29,-1,-1,-1,-1
306,158,605.52,618.01,58.14,170.00,-1,-1,-1,-1
307,158,611.24,593.68,62.85,188.80,-1,-1,-1,-1
301,159,436.48,495.10,29.21,84.00,-1,-1,-1,-1
302,159,437.91,491.02,31.39,91.60,-1,-1,-1,-1
303,159,442.56,503.17,32.47,84.55,-1,-1,-1,-1
304,159,450.59,498.45,33.44,92.35,-1,-1,-1,-1
305,159,453.65,525.18,29.80,86.70,-1,-1,-1,-1
306,159,453.47,555.52,31.50,88.60,-1,-1,-1,-1
307,159,460.58,540.14,31.26,89.05,-1,-1,-1,-1
308,159,461.89,514.83,31.82,92.11,-1,-1,-1,-1
309,159,468.58,514.67,31.53,90.28,-1,-1,-1,-1
310,159,470.26,508.61,31.81,88.75,-1,-1,-1,-1
311,159,476.51,504.95,32.17,92.27,-1,-1,-1,-1
312,159,483.71,500.63,31.59,88.10,-1,-1,-1,-1
313,159,487.46,505.66,28.65,79.91,-1,-1,-1,-1
314,159,494.06,501.38,30.32,85.88,-1,-1,-1,-1
315,159,500.84,501.32,29.02,82.45,-1,-1,-1,-1
316,159,502.10,493.95,31.26,86.15,-1,-1,-1,-1
317,159,509.31,500.25,29.65,84.77,-1,-1,-1,-1
318,159,509.36,496.78,32.61,93.92,-1,-1,-1,-1
319,159,516.99,501.76,30.69,86.03,-1,-1,-1,-1
320,159,523.35,503.90,30.51,81.75,-1,-1,-1,-1
321,159,524.13,497.97,33.69,93.03,-1,-1,-1,-1
322,159,532.37,504.22,29.97,82.43,-1,-1,-1,-1
323,159,534.30,504.53,29.79,81.91,-1,-1,-1,-1
324,159,537.37,499.90,34.32,90.74,-1,-1,-1,-1
325,159,541.64,507.22,31.23,88.74,-1,-1,-1,-1
326,159,548.15,507.78,30.59,88.29,-1,-1,-1,-1
327,159,548.85,505.42,31.57,91.47,-1,-1,-1,-1
328,159,555.12,509.23,31.28,86.88,-1,-1,-1,-1
329,159,556.15,508.41,32.03,89.23,-1,-1,-1,-1
330,159,561.10,507.53,34.04,90.26,-1,-1,-1,-1
331,159,562.33,511.77,33.68,96.26,-1,-1,-1,-1
332,159,562.25,516.86,35.56,100.63,-1,-1,-1,-1
333,159,564.00,519.88,34.49,98.56,-1,-1,-1,-1
334,159,568.57,528.70,34.93,94.54,-1,-1,-1,-1
335,159,570.89,529.66,33.49,95.10,-1,-1,-1,-1
336,159,570.80,532.88,35.53,101.94,-1,-1,-1,-1
337,159,572.19,534.08,35.13,100.85,-1,-1,-1,-1
338,159,579.15,545.82,32.72,92.07,-1,-1,-1,-1
339,159,579.39,543.63,33.28,97.03,-1,-1,-1,-1
340,159,579.87,543.47,33.35,97.81,-1,-1,-1,-1
341,159,579.69,548.52,33.95,100.24,-1,-1,-1,-1
342,159,580.54,550.49,34.80,100.73,-1,-1,-1,-1
343,159,585.37,546.77,35.72,104.23,-1,-1,-1,-1
344,159,586.09,557.89,34.23,96.76,-1,-1,-1,-1
345,159,586.96,552.42,35.32,98.83,-1,-1,-1,-1
346,159,587.89,554.43,35.71,104.60,-1,-1,-1,-1
347,159,592.75,554.75,36.97,104.45,-1,-1,-1,-1
348,159,593.96,565.60,34.83,98.62,-1,-1,-1,-1
349,159,595.40,565.51,35.01,100.64,-1,-1,-1,-1
350,159,593.39,558.14,40.24,116.18,-1,-1,-1,-1
351,159,594.15,568.33,38.11,110.07,-1,-1,-1,-1
352,159,597.91,566.42,40.52,113.02,-1,-1,-1,-1
353,159,598.96,569.32,39.41,108.82,-1,-1,-1,-1
354,159,601.05,571.40,38.17,108.20,-1,-1,-1,-1
355,159,600.14,564.35,41.44,119.86,-1,-1,-1,-1
356,159,601.14,568.05,39.96,114.37,-1,-1,-1,-1
357,159,605.88,566.12,42.15,118.09,-1,-1,-1,-1
358,159,607.00,563.74,40.16,116.23,-1,-1,-1,-1
359,159,607.63,569.51,39.81,110.01,-1,-1,-1,-1
360,159,604.75,550.81,45.89,132.59,-1,-1,-1,-1
361,159,606.70,562.48,41.06,119.07,-1,-1,-1,-1
362,159,606.64,563.43,42.43,121.51,-1,-1,-1,-1
363,159,606.61,568.01,41.64,124.83,-1,-1,-1,-1
364,159,606.79,569.13,41.84,123.42,-1,-1,-1,-1
365,159,605.67,566.83,44.57,129.58,-1,-1,-1,-1
366,159,604.79,563.26,46.57,137.22,-1,-1,-1,-1
367,159,606.18,573.07,43.52,129.80,-1,-1,-1,-1
368,159,606.84,570.05,44.97,127.53,-1,-1,-1,-1
369,159,606.07,573.44,43.56,129.46,-1,-1,-1,-1
370,159,605.63,576.64,42.96,124.80,-1,-1,-1,-1
371,159,604.46,574.69,44.46,128.36,-1,-1,-1,-1
372,159,603.85,575.24,45.96,131.36,-1,-1,-1,-1
373,159,604.19,576.47,45.79,129.27,-1,-1,-1,-1
374,159,598.08,579.37,45.35,134.36,-1,-1,-1,-1
305,160,591.88,484.92,24.40,70.18,-1,-1,-1,-1
306,160,600.88,502.67,22.82,67.48,-1,-1,-1,-1
307,161,663.86,476.06,24.23,70.50,-1,-1,-1,-1
309,162,637.78,565.95,56.94,165.71,-1,-1,-1,-1
310,162,645.42,548.31,62.87,181.10,-1,-1,-1,-1
310,163,666.48,467.08,20.37,57.97,-1,-1,-1,-1
311,164,624.82,469.79,23.95,68.09,-1,-1,-1,-1
312,165,686.54,564.27,56.69,164.98,-1,-1,-1,-1
313,165,703.58,564.71,56.16,164.68,-1,-1,-1,-1
314,165,722.78,574.48,50.01,146.66,-1,-1,-1,-1
315,165,736.05,564.15,56.58,166.00,-1,-1,-1,-1
313,166,689.77,457.89,20.94,60.74,-1,-1,-1,-1
316,167,655.77,460.47,24.35,69.09,-1,-1,-1,-1
317,168,768.62,576.27,53.14,157.71,-1,-1,-1,-1
318,168,784.01,578.22,53.56,155.32,-1,-1,-1,-1
318,169,673.06,466.13,21.30,59.27,-1,-1,-1,-1
319,169,673.08,464.99,21.82,62.16,-1,-1,-1,-1
324,170,759.99,459.18,24.13,70.55,-1,-1,-1,-1
325,170,761.42,464.37,21.73,61.94,-1,-1,-1,-1
326,170,776.88,465.22,21.52,60.46,-1,-1,-1,-1
327,170,777.13,464.48,21.95,61.83,-1,-1,-1,-1
328,170,784.17,465.24,22.98,61.78,-1,-1,-1,-1
329,170,785.45,466.77,21.52,59.57,-1,-1,-1,-1
330,170,799.51,463.51,23.65,66.42,-1,-1,-1,-1
331,170,799.16,462.14,24.67,68.74,-1,-1,-1,-1
325,171,712.80,474.64,22.07,57.91,-1,-1,-1,-1
326,171,720.36,475.67,21.25,56.40,-1,-1,-1,-1
327,171,721.08,476.49,20.50,54.77,-1,-1,-1,-1
328,171,728.80,473.26,22.68,61.73,-1,-1,-1,-1
329,171,730.69,477.75,20.15,55.31,-1,-1,-1,-1
330,171,736.29,473.30,21.72,62.04,-1,-1,-1,-1
331,171,736.33,474.09,21.86,62.46,-1,-1,-1,-1
332,171,737.67,484.10,20.37,55.26,-1,-1,-1,-1
333,171,744.45,482.76,21.60,60.61,-1,-1,-1,-1
330,172,988.47,603.61,63.69,183.93,-1,-1,-1,-1
331,172,1010.89,592.76,65.97,191.02,-1,-1,-1,-1
332,172,1037.21,605.80,60.68,179.91,-1,-1,-1,-1
333,172,1052.73,602.61,61.83,187.18,-1,-1,-1,-1
334,172,1064.43,598.04,70.95,211.98,-1,-1,-1,-1
335,172,1081.99,606.63,67.65,197.65,-1,-1,-1,-1
336,172,1093.37,600.74,78.21,223.61,-1,-1,-1,-1
337,172,1116.75,612.25,77.76,215.78,-1,-1,-1,-1
338,172,1137.92,621.25,68.40,198.06,-1,-1,-1,-1
339,172,1152.61,626.15,70.56,201.93,-1,-1,-1,-1
340,172,1168.52,625.08,72.17,203.48,-1,-1,-1,-1
341,172,1190.36,620.69,74.49,212.92,-1,-1,-1,-1
330,173,761.45,473.77,20.73,60.17,-1,-1,-1,-1
334,174,816.07,478.80,22.99,64.13,-1,-1,-1,-1
335,174,815.69,476.54,24.28,68.67,-1,-1,-1,-1
335,175,751.83,486.78,23.64,68.62,-1,-1,-1,-1
337,176,759.39,482.57,25.42,77.12,-1,-1,-1,-1
338,176,759.98,495.47,22.82,65.67,-1,-1,-1,-1
339,176,768.60,506.29,21.73,56.77,-1,-1,-1,-1
340,176,768.56,504.61,22.47,60.72,-1,-1,-1,-1
341,176,768.72,505.28,22.82,60.74,-1,-1,-1,-1
342,176,768.48,503.66,23.75,62.44,-1,-1,-1,-1
340,177,786.19,510.11,20.03,50.51,-1,-1,-1,-1
342,178,793.24,508.08,21.59,54.56,-1,-1,-1,-1
343,178,777.41,506.56,21.82,56.88,-1,-1,-1,-1
344,178,776.81,505.07,23.62,62.42,-1,-1,-1,-1
344,179,801.48,507.37,21.83,56.18,-1,-1,-1,-1
345,179,784.27,505.83,22.30,60.34,-1,-1,-1,-1
346,179,783.99,503.13,24.17,65.73,-1,-1,-1,-1
347,179,792.21,502.29,23.82,65.74,-1,-1,-1,-1
348,179,791.95,500.71,23.89,71.20,-1,-1,-1,-1
349,179,800.08,512.49,22.35,64.00,-1,-1,-1,-1
350,179,801.97,516.27,20.65,56.89,-1,-1,-1,-1
351,179,801.01,519.94,23.44,61.93,-1,-1,-1,-1
352,179,808.68,522.14,22.40,59.29,-1,-1,-1,-1
353,179,808.52,511.84,23.68,68.15,-1,-1,-1,-1
354,179,816.58,523.47,21.89,58.74,-1,-1,-1,-1
355,179,817.50,524.17,21.55,57.37,-1,-1,-1,-1
356,179,817.39,521.33,22.70,61.92,-1,-1,-1,-1
357,179,824.83,519.60,23.55,63.83,-1,-1,-1,-1
358,179,826.83,526.12,19.78,51.07,-1,-1,-1,-1
359,179,832.64,523.89,21.09,54.55,-1,-1,-1,-1
360,179,833.25,523.05,21.56,55.88,-1,-1,-1,-1
361,179,832.79,515.48,22.03,59.66,-1,-1,-1,-1
362,179,833.11,514.81,22.40,61.13,-1,-1,-1,-1
363,179,840.78,522.95,21.56,55.25,-1,-1,-1,-1
364,179,841.18,516.65,21.45,57.95,-1,-1,-1,-1
365,179,840.70,519.52,22.98,62.92,-1,-1,-1,-1
366,179,840.58,519.98,23.80,64.29,-1,-1,-1,-1
367,179,841.52,523.07,22.82,60.61,-1,-1,-1,-1
368,179,848.47,524.26,21.78,59.72,-1,-1,-1,-1
369,179,847.44,520.42,24.30,67.89,-1,-1,-1,-1
370,179,847.63,528.02,23.30,60.55,-1,-1,-1,-1
371,179,847.91,528.36,23.18,60.66,-1,-1,-1,-1
372,179,847.94,527.49,23.65,62.52,-1,-1,-1,-1
373,179,848.47,528.19,23.02,60.71,-1,-1,-1,-1
374,179,848.83,528.63,22.57,59.58,-1,-1,-1,-1
344,180,848.18,489.56,22.47,62.43,-1,-1,-1,-1
345,180,847.66,488.11,23.57,65.70,-1,-1,-1,-1
347,181,855.04,485.88,24.89,69.58,-1,-1,-1,-1
349,182,862.24,491.96,25.87,73.31,-1,-1,-1,-1
355,183,1556.14,755.62,63.66,183.52,-1,-1,-1,-1
357,184,849.96,522.60,21.09,56.56,-1,-1,-1,-1
358,184,858.04,526.33,19.50,50.91,-1,-1,-1,-1
358,185,895.15,499.43,24.80,70.66,-1,-1,-1,-1
359,185,896.47,502.67,22.38,64.20,-1,-1,-1,-1
360,186,1631.45,684.15,105.92,295.63,-1,-1,-1,-1
361,186,1651.32,685.15,113.58,293.80,-1,-1,-1,-1
362,186,1675.97,690.45,112.52,297.52,-1,-1,-1,-1
363,186,1698.54,645.64,146.84,373.80,-1,-1,-1,-1
360,187,858.01,525.58,20.26,51.34,-1,-1,-1,-1
361,188,912.19,496.63,22.52,62.62,-1,-1,-1,-1
362,188,911.20,491.78,25.34,72.70,-1,-1,-1,-1
362,189,865.27,510.55,23.71,68.29,-1,-1,-1,-1
363,189,866.67,525.54,20.04,51.22,-1,-1,-1,-1
364,189,866.22,524.73,20.58,52.43,-1,-1,-1,-1
365,189,873.42,523.28,20.64,56.25,-1,-1,-1,-1
366,189,873.04,524.09,21.43,56.66,-1,-1,-1,-1
365,190,1780.49,706.52,110.88,315.11,-1,-1,-1,-1
366,190,1808.77,716.36,119.29,328.42,-1,-1,-1,-1
368,191,873.65,533.39,20.28,50.90,-1,-1,-1,-1
370,192,873.10,532.07,21.48,54.44,-1,-1,-1,-1
371,192,873.06,532.09,20.97,54.31,-1,-1,-1,-1
370,193,921.34,506.51,22.14,60.35,-1,-1,-1,-1
