1,1,1834.94,414.22,80.75,230.88,-1,-1,-1,-1
2,1,1834.95,412.56,80.71,232.86,-1,-1,-1,-1
3,1,1837.86,422.72,75.89,223.58,-1,-1,-1,-1
4,1,1836.87,420.37,78.50,229.78,-1,-1,-1,-1
5,1,1839.28,423.18,75.36,222.24,-1,-1,-1,-1
6,1,1844.97,420.20,75.62,217.49,-1,-1,-1,-1
7,1,1847.39,421.83,72.05,211.50,-1,-1,-1,-1
8,1,1848.92,423.90,70.02,207.45,-1,-1,-1,-1
9,1,1849.25,422.26,70.26,209.18,-1,-1,-1,-1
10,1,1849.53,423.23,70.15,207.98,-1,-1,-1,-1
11,1,1849.36,425.12,69.69,205.13,-1,-1,-1,-1
12,1,1856.24,426.66,68.89,201.85,-1,-1,-1,-1
13,1,1855.52,423.65,71.32,209.44,-1,-1,-1,-1
14,1,1857.54,432.01,68.30,204.40,-1,-1,-1,-1
15,1,1858.61,430.02,66.39,197.34,-1,-1,-1,-1
16,1,1863.29,443.01,60.94,183.82,-1,-1,-1,-1
17,1,1870.60,447.76,56.40,174.71,-1,-1,-1,-1
18,1,1870.44,446.38,57.36,177.62,-1,-1,-1,-1
19,1,1868.53,438.08,60.86,181.81,-1,-1,-1,-1
20,1,1869.67,439.70,59.36,177.03,-1,-1,-1,-1
21,1,1871.52,441.34,57.49,173.44,-1,-1,-1,-1
22,1,1872.36,442.14,56.47,170.94,-1,-1,-1,-1
23,1,1872.11,440.50,57.28,174.12,-1,-1,-1,-1
24,1,1871.90,433.43,57.18,173.37,-1,-1,-1,-1
25,1,1872.11,432.10,56.76,174.73,-1,-1,-1,-1
26,1,1873.73,432.34,52.25,158.42,-1,-1,-1,-1
27,1,1874.07,432.27,52.71,158.28,-1,-1,-1,-1
1,2,819.48,345.25,176.36,495.37,-1,-1,-1,-1
2,2,836.86,361.36,171.89,478.15,-1,-1,-1,-1
3,2,846.78,358.78,169.36,482.15,-1,-1,-1,-1
4,2,852.38,345.96,174.73,493.71,-1,-1,-1,-1
5,2,867.42,347.27,174.76,491.10,-1,-1,-1,-1
6,2,883.67,346.91,175.31,491.05,-1,-1,-1,-1
7,2,895.53,349.98,169.31,483.87,-1,-1,-1,-1
8,2,908.05,366.41,161.13,467.52,-1,-1,-1,-1
9,2,909.63,352.40,170.63,480.82,-1,-1,-1,-1
10,2,911.85,355.22,167.51,475.24,-1,-1,-1,-1
11,2,927.95,358.92,167.04,467.06,-1,-1,-1,-1
12,2,930.07,358.10,164.86,468.80,-1,-1,-1,-1
13,2,940.57,366.78,159.26,451.21,-1,-1,-1,-1
14,2,955.90,368.53,159.00,432.23,-1,-1,-1,-1
15,2,964.16,363.56,160.14,443.01,-1,-1,-1,-1
16,2,975.91,369.27,153.24,432.23,-1,-1,-1,-1
17,2,988.19,357.80,159.92,455.41,-1,-1,-1,-1
18,2,1005.92,369.31,155.05,444.18,-1,-1,-1,-1
19,2,1016.11,370.50,152.71,442.60,-1,-1,-1,-1
20,2,1020.95,358.22,158.90,452.32,-1,-1,-1,-1
21,2,1037.23,364.43,156.46,439.87,-1,-1,-1,-1
22,2,1034.86,348.68,161.96,457.11,-1,-1,-1,-1
23,2,1046.35,360.90,155.07,446.78,-1,-1,-1,-1
24,2,1051.71,351.73,159.72,451.16,-1,-1,-1,-1
25,2,1059.95,353.29,157.93,447.50,-1,-1,-1,-1
26,2,1064.98,362.36,150.95,442.77,-1,-1,-1,-1
27,2,1065.93,346.35,162.06,460.81,-1,-1,-1,-1
28,2,1071.12,360.07,153.65,447.69,-1,-1,-1,-1
29,2,1077.00,361.15,156.27,446.53,-1,-1,-1,-1
30,2,1080.59,364.12,152.24,440.28,-1,-1,-1,-1
31,2,1092.48,372.64,144.10,422.62,-1,-1,-1,-1
32,2,1100.87,373.01,142.38,407.32,-1,-1,-1,-1
33,2,1103.94,386.26,136.46,394.91,-1,-1,-1,-1
34,2,1105.62,370.82,147.37,412.09,-1,-1,-1,-1
35,2,1109.34,378.60,141.40,410.10,-1,-1,-1,-1
36,2,1107.21,370.22,145.14,413.95,-1,-1,-1,-1
37,2,1107.45,371.09,144.48,411.94,-1,-1,-1,-1
38,2,1110.94,376.81,138.65,399.74,-1,-1,-1,-1
39,2,1117.57,374.09,140.74,404.96,-1,-1,-1,-1
40,2,1122.29,381.96,134.37,389.17,-1,-1,-1,-1
41,2,1132.19,367.68,144.26,403.69,-1,-1,-1,-1
42,2,1140.81,369.33,143.26,400.10,-1,-1,-1,-1
43,2,1144.45,379.27,136.53,393.68,-1,-1,-1,-1
44,2,1149.59,371.75,142.58,410.37,-1,-1,-1,-1
45,2,1155.63,368.69,146.04,417.60,-1,-1,-1,-1
46,2,1162.72,367.47,147.09,419.18,-1,-1,-1,-1
47,2,1171.61,374.54,143.56,403.90,-1,-1,-1,-1
48,2,1176.44,378.03,137.00,396.62,-1,-1,-1,-1
49,2,1184.03,379.29,136.34,392.96,-1,-1,-1,-1
50,2,1185.91,382.64,133.64,387.32,-1,-1,-1,-1
51,2,1187.57,387.99,131.59,376.09,-1,-1,-1,-1
52,2,1192.83,385.43,134.29,381.35,-1,-1,-1,-1
53,2,1194.14,382.55,133.14,385.94,-1,-1,-1,-1
54,2,1202.96,391.54,129.84,368.79,-1,-1,-1,-1
55,2,1203.25,393.24,130.29,366.59,-1,-1,-1,-1
56,2,1209.97,390.02,133.02,370.77,-1,-1,-1,-1
57,2,1211.04,390.59,131.33,369.62,-1,-1,-1,-1
58,2,1217.24,391.01,134.27,370.09,-1,-1,-1,-1
59,2,1233.62,388.56,133.88,373.96,-1,-1,-1,-1
60,2,1241.08,386.82,134.46,377.44,-1,-1,-1,-1
61,2,1249.11,380.31,134.57,376.76,-1,-1,-1,-1
62,2,1248.80,370.95,135.85,380.34,-1,-1,-1,-1
63,2,1256.22,373.45,135.77,374.88,-1,-1,-1,-1
64,2,1260.10,384.68,129.67,366.98,-1,-1,-1,-1
65,2,1260.58,384.29,129.50,368.23,-1,-1,-1,-1
66,2,1266.96,384.06,131.46,369.65,-1,-1,-1,-1
67,2,1267.37,383.82,130.49,370.16,-1,-1,-1,-1
68,2,1269.79,388.14,125.91,360.11,-1,-1,-1,-1
69,2,1274.65,381.40,130.82,373.21,-1,-1,-1,-1
70,2,1277.26,386.21,126.58,363.92,-1,-1,-1,-1
71,2,1277.67,384.19,126.45,367.18,-1,-1,-1,-1
72,2,1286.27,387.44,125.05,361.14,-1,-1,-1,-1
73,2,1288.94,372.90,134.15,376.68,-1,-1,-1,-1
74,2,1292.81,383.58,128.30,369.65,-1,-1,-1,-1
75,2,1302.67,386.07,124.75,362.75,-1,-1,-1,-1
76,2,1317.10,389.04,125.58,357.06,-1,-1,-1,-1
77,2,1318.95,387.13,123.64,360.53,-1,-1,-1,-1
78,2,1325.62,388.95,124.30,356.62,-1,-1,-1,-1
79,2,1326.02,386.18,125.91,364.06,-1,-1,-1,-1
80,2,1335.87,389.55,121.21,341.96,-1,-1,-1,-1
81,2,1341.12,389.61,124.35,342.76,-1,-1,-1,-1
82,2,1344.10,394.30,120.76,333.23,-1,-1,-1,-1
83,2,1351.97,396.31,119.04,326.61,-1,-1,-1,-1
84,2,1352.62,394.73,119.22,331.51,-1,-1,-1,-1
85,2,1356.97,405.89,111.33,321.40,-1,-1,-1,-1
86,2,1362.81,405.14,112.95,323.36,-1,-1,-1,-1
87,2,1364.52,403.35,112.23,326.85,-1,-1,-1,-1
88,2,1366.76,388.20,121.08,344.91,-1,-1,-1,-1
89,2,1369.92,393.49,116.48,335.07,-1,-1,-1,-1
90,2,1374.47,400.63,109.44,317.65,-1,-1,-1,-1
91,2,1379.71,402.03,111.62,314.80,-1,-1,-1,-1
92,2,1380.94,399.90,110.85,318.59,-1,-1,-1,-1
93,2,1385.74,398.31,115.20,320.74,-1,-1,-1,-1
94,2,1388.20,396.71,113.12,325.93,-1,-1,-1,-1
95,2,1394.78,400.30,113.68,319.17,-1,-1,-1,-1
96,2,1397.26,403.34,109.00,312.31,-1,-1,-1,-1
97,2,1398.18,398.56,110.23,322.75,-1,-1,-1,-1
98,2,1403.97,399.47,111.13,319.06,-1,-1,-1,-1
99,2,1408.81,393.71,116.39,317.60,-1,-1,-1,-1
100,2,1413.40,406.13,107.73,305.52,-1,-1,-1,-1
101,2,1417.58,411.21,100.57,295.71,-1,-1,-1,-1
102,2,1428.58,399.26,109.83,307.44,-1,-1,-1,-1
103,2,1436.53,396.98,110.98,312.45,-1,-1,-1,-1
104,2,1441.73,392.84,116.36,320.13,-1,-1,-1,-1
105,2,1442.18,391.58,116.08,322.10,-1,-1,-1,-1
106,2,1444.22,394.05,112.60,316.12,-1,-1,-1,-1
107,2,1443.82,394.51,112.91,314.35,-1,-1,-1,-1
108,2,1450.58,396.96,113.27,309.37,-1,-1,-1,-1
109,2,1454.34,401.35,107.61,301.70,-1,-1,-1,-1
110,2,1456.34,404.22,105.03,296.49,-1,-1,-1,-1
111,2,1461.39,402.55,108.52,299.27,-1,-1,-1,-1
112,2,1463.70,400.52,106.62,304.39,-1,-1,-1,-1
113,2,1470.56,403.69,106.87,297.36,-1,-1,-1,-1
114,2,1468.45,397.09,111.22,311.30,-1,-1,-1,-1
115,2,1471.25,402.51,106.85,299.40,-1,-1,-1,-1
116,2,1479.69,407.52,104.33,287.77,-1,-1,-1,-1
117,2,1479.32,403.75,105.66,295.44,-1,-1,-1,-1
118,2,1482.39,404.31,100.83,292.82,-1,-1,-1,-1
119,2,1480.90,400.58,104.10,301.40,-1,-1,-1,-1
120,2,1477.93,389.11,109.24,311.88,-1,-1,-1,-1
121,2,1488.43,403.14,102.43,295.09,-1,-1,-1,-1
122,2,1486.42,395.20,106.18,300.04,-1,-1,-1,-1
123,2,1491.32,409.62,98.15,282.34,-1,-1,-1,-1
124,2,1497.89,409.28,100.88,287.69,-1,-1,-1,-1
125,2,1507.98,422.62,95.39,272.15,-1,-1,-1,-1
126,2,1508.03,419.16,96.68,279.12,-1,-1,-1,-1
127,2,1512.76,406.66,102.82,293.13,-1,-1,-1,-1
128,2,1514.93,409.39,99.71,285.08,-1,-1,-1,-1
129,2,1524.75,413.09,95.84,276.33,-1,-1,-1,-1
130,2,1531.53,414.30,95.03,273.09,-1,-1,-1,-1
131,2,1533.38,414.13,94.44,274.86,-1,-1,-1,-1
132,2,1539.80,413.45,95.26,275.64,-1,-1,-1,-1
133,2,1541.70,415.55,93.40,271.70,-1,-1,-1,-1
134,2,1548.24,416.17,93.66,269.75,-1,-1,-1,-1
135,2,1549.41,417.73,92.31,265.63,-1,-1,-1,-1
136,2,1548.73,406.70,96.47,277.93,-1,-1,-1,-1
137,2,1555.67,408.36,96.48,275.64,-1,-1,-1,-1
138,2,1557.85,416.35,92.96,268.28,-1,-1,-1,-1
139,2,1557.04,405.54,96.78,278.08,-1,-1,-1,-1
140,2,1563.99,414.69,94.98,270.99,-1,-1,-1,-1
141,2,1563.47,404.89,97.88,279.74,-1,-1,-1,-1
142,2,1572.60,413.85,94.49,272.26,-1,-1,-1,-1
143,2,1573.81,413.61,94.50,273.36,-1,-1,-1,-1
144,2,1574.15,409.03,94.57,272.28,-1,-1,-1,-1
145,2,1580.12,406.44,96.69,277.17,-1,-1,-1,-1
146,2,1588.40,406.41,95.23,275.10,-1,-1,-1,-1
147,2,1588.20,405.37,95.76,277.69,-1,-1,-1,-1
148,2,1590.82,412.44,91.74,264.62,-1,-1,-1,-1
149,2,1605.35,413.16,93.11,263.60,-1,-1,-1,-1
150,2,1604.84,411.21,94.98,266.39,-1,-1,-1,-1
151,2,1611.60,407.95,97.06,273.24,-1,-1,-1,-1
152,2,1620.16,408.95,95.50,271.76,-1,-1,-1,-1
153,2,1627.20,405.95,97.30,276.42,-1,-1,-1,-1
154,2,1628.86,414.28,93.71,271.98,-1,-1,-1,-1
155,2,1630.98,413.01,90.64,259.65,-1,-1,-1,-1
156,2,1637.01,411.84,92.43,262.86,-1,-1,-1,-1
157,2,1642.88,406.31,96.32,275.38,-1,-1,-1,-1
158,2,1646.35,411.13,91.29,263.90,-1,-1,-1,-1
159,2,1653.56,411.75,91.75,264.63,-1,-1,-1,-1
160,2,1655.16,409.95,91.29,267.09,-1,-1,-1,-1
161,2,1659.93,408.72,94.78,271.98,-1,-1,-1,-1
162,2,1661.83,409.56,93.11,270.03,-1,-1,-1,-1
163,2,1662.83,412.67,92.40,264.11,-1,-1,-1,-1
164,2,1668.13,412.48,94.13,263.09,-1,-1,-1,-1
165,2,1668.97,410.38,94.38,267.70,-1,-1,-1,-1
166,2,1669.82,408.90,94.88,271.49,-1,-1,-1,-1
167,2,1676.74,407.23,95.37,274.81,-1,-1,-1,-1
168,2,1678.00,410.81,93.08,269.91,-1,-1,-1,-1
169,2,1679.02,410.30,91.92,269.29,-1,-1,-1,-1
170,2,1686.35,413.79,91.29,261.89,-1,-1,-1,-1
171,2,1687.96,417.39,89.00,254.34,-1,-1,-1,-1
172,2,1696.78,417.29,86.65,250.91,-1,-1,-1,-1
173,2,1695.75,417.19,88.20,251.56,-1,-1,-1,-1
174,2,1703.17,416.80,89.88,253.08,-1,-1,-1,-1
175,2,1718.72,411.69,88.87,251.10,-1,-1,-1,-1
176,2,1720.64,413.66,86.97,248.67,-1,-1,-1,-1
177,2,1729.25,420.30,86.78,247.52,-1,-1,-1,-1
178,2,1736.11,420.10,87.49,247.48,-1,-1,-1,-1
179,2,1738.32,422.74,83.48,239.86,-1,-1,-1,-1
180,2,1744.43,415.02,86.04,245.37,-1,-1,-1,-1
181,2,1752.18,417.81,86.03,248.51,-1,-1,-1,-1
182,2,1753.73,419.12,83.27,236.32,-1,-1,-1,-1
183,2,1753.13,414.83,85.20,244.97,-1,-1,-1,-1
184,2,1752.46,413.54,86.19,246.41,-1,-1,-1,-1
185,2,1750.71,409.36,89.50,255.18,-1,-1,-1,-1
186,2,1851.08,414.62,82.53,242.55,-1,-1,-1,-1
187,2,1834.41,397.53,98.69,277.43,-1,-1,-1,-1
188,2,1836.37,402.26,94.06,266.69,-1,-1,-1,-1
189,2,1824.17,390.02,104.37,291.62,-1,-1,-1,-1
190,2,1827.09,396.19,98.93,279.45,-1,-1,-1,-1
191,2,1829.97,396.21,92.76,265.23,-1,-1,-1,-1
192,2,1850.39,416.45,83.83,239.05,-1,-1,-1,-1
193,2,1855.05,428.98,73.96,215.82,-1,-1,-1,-1
194,2,1864.86,440.07,68.65,205.21,-1,-1,-1,-1
195,2,1863.76,438.37,70.40,209.37,-1,-1,-1,-1
196,2,1865.92,437.07,66.55,195.91,-1,-1,-1,-1
197,2,1867.70,440.25,63.15,189.40,-1,-1,-1,-1
198,2,1869.83,445.61,59.85,179.74,-1,-1,-1,-1
199,2,1870.69,446.85,57.87,176.54,-1,-1,-1,-1
200,2,1869.90,441.40,59.63,173.22,-1,-1,-1,-1
1,3,1397.59,369.46,124.81,363.61,-1,-1,-1,-1
2,3,1398.03,370.04,125.06,363.49,-1,-1,-1,-1
3,3,1405.29,372.67,124.66,358.70,-1,-1,-1,-1
4,3,1406.93,374.30,122.26,355.05,-1,-1,-1,-1
5,3,1414.49,378.80,121.77,346.45,-1,-1,-1,-1
6,3,1423.34,386.72,119.45,331.76,-1,-1,-1,-1
7,3,1422.92,381.07,121.12,344.26,-1,-1,-1,-1
8,3,1426.38,390.99,115.36,335.92,-1,-1,-1,-1
9,3,1424.34,379.09,120.59,346.63,-1,-1,-1,-1
10,3,1430.15,376.90,123.03,350.96,-1,-1,-1,-1
11,3,1433.79,389.35,116.20,340.14,-1,-1,-1,-1
12,3,1431.15,377.00,122.40,352.06,-1,-1,-1,-1
13,3,1433.70,380.61,118.16,343.21,-1,-1,-1,-1
14,3,1443.59,389.47,111.78,324.17,-1,-1,-1,-1
15,3,1442.55,380.40,115.55,329.37,-1,-1,-1,-1
16,3,1449.40,385.50,117.24,334.51,-1,-1,-1,-1
17,3,1457.94,389.63,115.39,325.54,-1,-1,-1,-1
18,3,1460.16,392.07,112.40,320.73,-1,-1,-1,-1
19,3,1468.87,396.03,110.62,313.24,-1,-1,-1,-1
20,3,1475.49,394.66,112.24,314.69,-1,-1,-1,-1
21,3,1473.95,389.80,116.29,325.92,-1,-1,-1,-1
22,3,1473.37,385.60,117.06,332.64,-1,-1,-1,-1
23,3,1473.59,385.63,117.38,332.20,-1,-1,-1,-1
24,3,1483.91,388.92,112.34,324.84,-1,-1,-1,-1
25,3,1497.19,393.95,104.18,301.22,-1,-1,-1,-1
26,3,1501.78,386.80,109.64,314.08,-1,-1,-1,-1
27,3,1510.42,388.62,108.13,309.88,-1,-1,-1,-1
28,3,1517.58,388.49,107.83,309.42,-1,-1,-1,-1
29,3,1525.75,385.62,107.21,303.36,-1,-1,-1,-1
30,3,1529.31,394.39,102.05,297.19,-1,-1,-1,-1
31,3,1534.55,391.99,106.85,304.50,-1,-1,-1,-1
32,3,1536.22,394.34,104.75,301.59,-1,-1,-1,-1
33,3,1540.05,392.50,112.13,318.46,-1,-1,-1,-1
34,3,1543.42,392.36,106.68,304.79,-1,-1,-1,-1
35,3,1549.00,398.90,109.14,304.88,-1,-1,-1,-1
36,3,1552.18,395.87,104.05,297.06,-1,-1,-1,-1
37,3,1557.18,381.24,109.26,311.85,-1,-1,-1,-1
38,3,1559.18,381.39,106.93,310.83,-1,-1,-1,-1
39,3,1563.28,380.79,99.91,296.21,-1,-1,-1,-1
40,3,1566.73,376.53,105.22,304.46,-1,-1,-1,-1
1,4,1530.11,418.09,99.57,286.15,-1,-1,-1,-1
2,4,1530.03,415.63,101.14,290.72,-1,-1,-1,-1
3,4,1530.60,417.55,99.68,286.89,-1,-1,-1,-1
4,4,1539.80,428.73,96.34,276.32,-1,-1,-1,-1
5,4,1531.63,417.75,98.61,285.78,-1,-1,-1,-1
6,4,1539.59,427.98,96.86,277.82,-1,-1,-1,-1
7,4,1538.66,425.66,99.06,284.54,-1,-1,-1,-1
8,4,1539.71,424.51,98.35,284.90,-1,-1,-1,-1
9,4,1546.13,424.40,99.45,286.08,-1,-1,-1,-1
10,4,1546.12,422.16,100.32,290.79,-1,-1,-1,-1
11,4,1547.10,424.41,98.96,288.00,-1,-1,-1,-1
12,4,1548.73,427.02,96.88,281.38,-1,-1,-1,-1
13,4,1555.21,428.94,96.42,274.96,-1,-1,-1,-1
14,4,1555.08,425.73,99.30,284.95,-1,-1,-1,-1
15,4,1563.59,437.39,96.11,275.33,-1,-1,-1,-1
16,4,1564.70,439.82,95.44,271.86,-1,-1,-1,-1
17,4,1565.64,442.98,93.35,263.51,-1,-1,-1,-1
18,4,1565.91,443.89,93.62,264.10,-1,-1,-1,-1
19,4,1566.47,445.16,92.30,262.39,-1,-1,-1,-1
20,4,1571.06,450.08,96.74,268.47,-1,-1,-1,-1
21,4,1571.84,456.38,96.25,254.72,-1,-1,-1,-1
22,4,1569.97,452.83,100.48,262.47,-1,-1,-1,-1
23,4,1581.19,465.57,92.89,252.38,-1,-1,-1,-1
24,4,1572.94,467.72,95.05,247.63,-1,-1,-1,-1
25,4,1584.02,480.94,86.13,238.54,-1,-1,-1,-1
26,4,1586.00,487.27,82.97,226.36,-1,-1,-1,-1
1,5,970.99,332.65,193.45,536.08,-1,-1,-1,-1
2,5,982.57,339.20,186.73,522.83,-1,-1,-1,-1
3,5,993.29,342.15,182.89,515.79,-1,-1,-1,-1
4,5,1006.96,347.95,184.66,505.37,-1,-1,-1,-1
5,5,1012.32,342.00,191.38,515.44,-1,-1,-1,-1
6,5,1024.19,346.27,184.65,507.30,-1,-1,-1,-1
7,5,1041.36,343.92,180.75,497.87,-1,-1,-1,-1
8,5,1046.71,338.13,186.29,508.85,-1,-1,-1,-1
9,5,1062.64,332.27,187.51,519.18,-1,-1,-1,-1
10,5,1078.30,339.78,187.65,504.36,-1,-1,-1,-1
11,5,1090.69,328.63,194.83,542.02,-1,-1,-1,-1
12,5,1096.11,339.02,185.52,521.43,-1,-1,-1,-1
13,5,1100.54,327.77,191.23,530.09,-1,-1,-1,-1
14,5,1111.48,319.30,186.35,514.03,-1,-1,-1,-1
15,5,1124.49,314.78,190.48,523.83,-1,-1,-1,-1
16,5,1134.17,314.52,188.69,539.44,-1,-1,-1,-1
17,5,1143.81,312.67,200.48,543.25,-1,-1,-1,-1
18,5,1152.86,316.01,199.36,551.74,-1,-1,-1,-1
19,5,1160.88,327.48,199.38,529.31,-1,-1,-1,-1
20,5,1171.08,326.65,195.33,530.55,-1,-1,-1,-1
21,5,1197.99,331.40,189.51,521.16,-1,-1,-1,-1
22,5,1208.01,340.75,185.62,502.60,-1,-1,-1,-1
23,5,1213.55,329.44,190.21,509.80,-1,-1,-1,-1
24,5,1232.18,342.82,184.73,498.16,-1,-1,-1,-1
25,5,1241.58,340.00,181.43,488.18,-1,-1,-1,-1
26,5,1259.43,348.99,177.41,471.24,-1,-1,-1,-1
27,5,1264.30,347.40,169.76,473.31,-1,-1,-1,-1
28,5,1276.64,339.70,175.49,473.71,-1,-1,-1,-1
29,5,1292.83,346.36,174.99,460.40,-1,-1,-1,-1
30,5,1296.41,350.00,168.44,453.42,-1,-1,-1,-1
31,5,1306.23,356.04,165.25,455.49,-1,-1,-1,-1
32,5,1314.66,359.41,164.18,449.81,-1,-1,-1,-1
33,5,1322.68,354.50,164.92,459.66,-1,-1,-1,-1
34,5,1331.14,355.63,162.98,442.32,-1,-1,-1,-1
35,5,1350.36,362.07,156.19,443.03,-1,-1,-1,-1
36,5,1359.22,366.48,154.12,435.06,-1,-1,-1,-1
37,5,1363.33,348.66,161.40,455.27,-1,-1,-1,-1
38,5,1363.22,345.78,161.92,462.03,-1,-1,-1,-1
39,5,1365.82,346.54,157.50,445.13,-1,-1,-1,-1
40,5,1373.90,345.91,157.77,446.59,-1,-1,-1,-1
41,5,1378.03,356.94,150.00,437.46,-1,-1,-1,-1
42,5,1380.14,342.21,159.63,452.23,-1,-1,-1,-1
43,5,1385.49,337.86,164.75,462.06,-1,-1,-1,-1
44,5,1387.78,344.52,161.99,462.34,-1,-1,-1,-1
45,5,1397.77,352.95,157.56,446.75,-1,-1,-1,-1
46,5,1406.49,356.98,155.31,437.95,-1,-1,-1,-1
47,5,1415.54,359.07,153.35,433.81,-1,-1,-1,-1
48,5,1417.26,359.39,151.51,433.08,-1,-1,-1,-1
49,5,1412.37,355.76,159.05,426.28,-1,-1,-1,-1
50,5,1424.15,355.22,153.23,426.77,-1,-1,-1,-1
51,5,1431.32,356.77,153.48,424.21,-1,-1,-1,-1
52,5,1432.13,358.68,152.48,420.86,-1,-1,-1,-1
53,5,1434.24,360.17,149.03,417.59,-1,-1,-1,-1
54,5,1436.07,367.17,146.64,417.80,-1,-1,-1,-1
55,5,1444.54,369.69,143.98,412.33,-1,-1,-1,-1
56,5,1444.14,370.03,144.65,412.73,-1,-1,-1,-1
57,5,1444.58,367.59,144.81,417.48,-1,-1,-1,-1
58,5,1451.00,366.08,146.91,420.17,-1,-1,-1,-1
59,5,1451.12,369.87,145.88,411.55,-1,-1,-1,-1
60,5,1450.93,368.44,146.12,399.97,-1,-1,-1,-1
61,5,1452.04,370.27,144.98,396.97,-1,-1,-1,-1
62,5,1451.65,366.49,145.63,403.13,-1,-1,-1,-1
63,5,1448.88,356.51,150.53,408.52,-1,-1,-1,-1
64,5,1453.63,363.73,142.17,407.87,-1,-1,-1,-1
65,5,1453.44,364.83,142.52,406.84,-1,-1,-1,-1
66,5,1459.68,364.09,144.88,408.33,-1,-1,-1,-1
67,5,1455.23,365.71,139.98,404.79,-1,-1,-1,-1
68,5,1457.23,370.43,136.48,395.53,-1,-1,-1,-1
69,5,1455.85,370.14,138.40,397.39,-1,-1,-1,-1
70,5,1454.90,369.61,139.60,398.11,-1,-1,-1,-1
71,5,1454.77,369.64,139.52,398.00,-1,-1,-1,-1
72,5,1455.23,369.43,138.49,397.94,-1,-1,-1,-1
73,5,1455.17,366.24,137.76,389.61,-1,-1,-1,-1
74,5,1454.58,364.89,138.77,391.90,-1,-1,-1,-1
75,5,1450.95,371.73,132.71,379.04,-1,-1,-1,-1
76,5,1457.14,374.11,133.27,374.04,-1,-1,-1,-1
77,5,1457.89,374.26,132.62,373.99,-1,-1,-1,-1
78,5,1459.13,381.30,129.80,372.25,-1,-1,-1,-1
79,5,1459.60,382.30,129.25,370.99,-1,-1,-1,-1
80,5,1457.37,373.44,133.30,375.87,-1,-1,-1,-1
81,5,1459.10,375.24,131.37,372.04,-1,-1,-1,-1
82,5,1458.66,375.14,132.46,372.22,-1,-1,-1,-1
83,5,1461.27,383.10,127.77,368.94,-1,-1,-1,-1
84,5,1467.96,379.21,128.41,362.58,-1,-1,-1,-1
85,5,1469.57,380.63,127.10,361.24,-1,-1,-1,-1
86,5,1470.54,382.57,125.71,356.90,-1,-1,-1,-1
87,5,1476.71,380.06,126.69,360.40,-1,-1,-1,-1
88,5,1475.84,378.50,128.02,362.10,-1,-1,-1,-1
89,5,1478.87,380.32,124.98,359.52,-1,-1,-1,-1
90,5,1485.83,378.41,124.73,349.57,-1,-1,-1,-1
91,5,1488.73,383.44,121.22,340.01,-1,-1,-1,-1
92,5,1490.59,391.08,118.54,338.60,-1,-1,-1,-1
93,5,1495.97,388.30,120.09,342.87,-1,-1,-1,-1
94,5,1499.06,396.55,115.31,326.57,-1,-1,-1,-1
95,5,1507.19,398.90,113.19,320.95,-1,-1,-1,-1
96,5,1508.78,400.37,112.21,320.40,-1,-1,-1,-1
97,5,1511.88,394.98,119.62,331.81,-1,-1,-1,-1
98,5,1513.69,396.23,118.00,329.15,-1,-1,-1,-1
99,5,1512.56,394.67,118.80,330.74,-1,-1,-1,-1
100,5,1522.89,401.09,114.43,316.78,-1,-1,-1,-1
101,5,1529.31,391.76,117.37,322.98,-1,-1,-1,-1
102,5,1540.02,397.87,113.26,322.92,-1,-1,-1,-1
103,5,1544.79,388.54,118.19,328.43,-1,-1,-1,-1
104,5,1545.53,390.90,117.16,324.22,-1,-1,-1,-1
105,5,1553.58,390.01,116.72,323.98,-1,-1,-1,-1
106,5,1554.57,392.50,114.33,319.84,-1,-1,-1,-1
107,5,1558.84,407.91,108.15,302.92,-1,-1,-1,-1
108,5,1564.85,401.53,112.13,315.93,-1,-1,-1,-1
109,5,1573.32,402.99,110.43,314.04,-1,-1,-1,-1
110,5,1572.96,400.17,112.87,320.07,-1,-1,-1,-1
111,5,1580.64,401.12,111.55,317.77,-1,-1,-1,-1
112,5,1581.74,399.67,110.88,321.19,-1,-1,-1,-1
113,5,1582.57,398.96,109.36,320.00,-1,-1,-1,-1
114,5,1590.92,402.80,107.97,312.99,-1,-1,-1,-1
115,5,1595.93,394.63,112.71,317.39,-1,-1,-1,-1
116,5,1605.13,397.86,109.27,309.49,-1,-1,-1,-1
117,5,1607.49,404.66,106.35,308.97,-1,-1,-1,-1
118,5,1613.20,397.56,110.58,312.25,-1,-1,-1,-1
119,5,1621.22,399.46,109.85,307.22,-1,-1,-1,-1
120,5,1627.58,399.25,111.59,307.72,-1,-1,-1,-1
121,5,1627.29,397.14,112.46,312.38,-1,-1,-1,-1
122,5,1627.24,394.04,114.24,319.08,-1,-1,-1,-1
123,5,1631.34,398.15,108.18,310.11,-1,-1,-1,-1
124,5,1639.62,404.97,105.42,308.00,-1,-1,-1,-1
125,5,1645.73,399.30,108.68,307.22,-1,-1,-1,-1
126,5,1644.58,395.63,111.62,315.24,-1,-1,-1,-1
127,5,1646.48,397.46,108.80,310.30,-1,-1,-1,-1
128,5,1661.93,400.24,108.27,303.08,-1,-1,-1,-1
129,5,1654.94,404.32,106.40,297.03,-1,-1,-1,-1
130,5,1653.65,397.43,110.33,311.18,-1,-1,-1,-1
131,5,1660.53,398.04,111.45,310.67,-1,-1,-1,-1
132,5,1663.04,401.39,107.38,304.55,-1,-1,-1,-1
133,5,1670.35,398.51,108.80,309.72,-1,-1,-1,-1
134,5,1677.76,397.45,109.82,312.86,-1,-1,-1,-1
135,5,1681.28,401.71,104.57,303.29,-1,-1,-1,-1
136,5,1687.56,402.50,105.23,300.78,-1,-1,-1,-1
137,5,1690.49,405.26,101.71,293.18,-1,-1,-1,-1
138,5,1696.34,402.76,102.42,296.46,-1,-1,-1,-1
139,5,1699.73,407.61,97.62,285.24,-1,-1,-1,-1
140,5,1702.25,395.28,107.00,300.38,-1,-1,-1,-1
141,5,1704.39,398.48,104.05,294.27,-1,-1,-1,-1
142,5,1707.23,409.54,97.50,282.77,-1,-1,-1,-1
143,5,1706.92,405.00,100.61,292.59,-1,-1,-1,-1
144,5,1715.20,409.55,98.21,283.37,-1,-1,-1,-1
145,5,1720.95,406.47,101.42,290.06,-1,-1,-1,-1
146,5,1722.89,407.80,100.04,288.20,-1,-1,-1,-1
147,5,1729.88,404.48,100.90,282.65,-1,-1,-1,-1
148,5,1729.47,400.83,102.35,288.59,-1,-1,-1,-1
149,5,1729.60,396.77,102.39,294.55,-1,-1,-1,-1
150,5,1737.15,399.02,102.68,290.95,-1,-1,-1,-1
151,5,1730.16,399.58,101.25,290.03,-1,-1,-1,-1
152,5,1732.20,406.44,96.69,278.42,-1,-1,-1,-1
153,5,1732.66,406.42,96.35,276.84,-1,-1,-1,-1
154,5,1739.31,403.88,98.59,282.69,-1,-1,-1,-1
155,5,1748.25,406.45,95.92,274.39,-1,-1,-1,-1
156,5,1749.85,406.12,93.66,274.93,-1,-1,-1,-1
157,5,1751.45,408.88,91.79,269.71,-1,-1,-1,-1
158,5,1757.90,405.00,94.91,278.31,-1,-1,-1,-1
159,5,1765.98,405.77,94.37,274.56,-1,-1,-1,-1
160,5,1771.44,402.57,98.60,281.56,-1,-1,-1,-1
161,5,1777.44,394.49,102.16,286.07,-1,-1,-1,-1
162,5,1786.24,397.39,99.46,278.28,-1,-1,-1,-1
163,5,1795.81,402.79,95.61,266.79,-1,-1,-1,-1
164,5,1794.78,399.87,98.13,274.87,-1,-1,-1,-1
165,5,1796.02,403.62,95.67,268.06,-1,-1,-1,-1
166,5,1799.01,415.68,89.91,254.56,-1,-1,-1,-1
167,5,1798.06,411.49,92.62,263.14,-1,-1,-1,-1
168,5,1804.98,410.18,94.81,268.85,-1,-1,-1,-1
169,5,1806.39,414.29,91.21,258.72,-1,-1,-1,-1
170,5,1805.99,412.44,93.24,263.48,-1,-1,-1,-1
171,5,1813.51,412.46,93.59,262.33,-1,-1,-1,-1
172,5,1813.90,411.13,93.51,265.08,-1,-1,-1,-1
173,5,1822.63,412.32,91.92,262.38,-1,-1,-1,-1
174,5,1822.28,411.15,92.40,264.43,-1,-1,-1,-1
175,5,1821.28,405.33,95.30,276.38,-1,-1,-1,-1
176,5,1829.56,406.23,94.02,274.35,-1,-1,-1,-1
177,5,1825.39,410.88,87.79,263.70,-1,-1,-1,-1
178,5,1823.74,407.22,91.47,271.64,-1,-1,-1,-1
179,5,1830.65,406.54,93.11,275.64,-1,-1,-1,-1
180,5,1827.63,394.04,98.35,287.16,-1,-1,-1,-1
181,5,1837.55,402.35,92.10,269.15,-1,-1,-1,-1
182,5,1832.79,410.51,89.60,266.61,-1,-1,-1,-1
183,5,1826.70,393.37,99.09,287.30,-1,-1,-1,-1
184,5,1819.82,391.15,98.46,290.83,-1,-1,-1,-1
185,5,1811.17,392.69,99.02,287.41,-1,-1,-1,-1
186,5,1797.46,403.00,93.44,267.06,-1,-1,-1,-1
187,5,1784.95,394.57,102.30,284.03,-1,-1,-1,-1
188,5,1780.02,406.03,95.47,274.03,-1,-1,-1,-1
189,5,1769.74,399.27,101.40,287.78,-1,-1,-1,-1
190,5,1752.57,390.94,102.43,291.30,-1,-1,-1,-1
191,5,1752.16,388.70,102.79,295.60,-1,-1,-1,-1
192,5,1745.16,388.58,102.07,296.91,-1,-1,-1,-1
193,5,1746.38,400.40,99.28,287.88,-1,-1,-1,-1
194,5,1740.78,408.09,93.18,269.59,-1,-1,-1,-1
195,5,1728.56,411.72,88.43,262.72,-1,-1,-1,-1
196,5,1721.92,403.06,98.96,282.80,-1,-1,-1,-1
197,5,1708.42,405.38,95.36,274.76,-1,-1,-1,-1
198,5,1695.70,423.71,87.97,254.95,-1,-1,-1,-1
199,5,1692.58,410.06,95.33,269.72,-1,-1,-1,-1
200,5,1677.73,411.54,92.88,265.89,-1,-1,-1,-1
201,5,1678.84,420.87,89.12,247.61,-1,-1,-1,-1
202,5,1662.78,421.57,90.45,259.56,-1,-1,-1,-1
203,5,1655.59,423.93,89.32,255.53,-1,-1,-1,-1
204,5,1648.93,430.00,85.73,244.17,-1,-1,-1,-1
205,5,1639.67,426.73,88.22,251.29,-1,-1,-1,-1
206,5,1633.18,423.24,88.18,256.76,-1,-1,-1,-1
207,5,1628.79,417.54,92.93,269.03,-1,-1,-1,-1
208,5,1623.85,424.36,86.93,253.27,-1,-1,-1,-1
209,5,1611.18,428.80,82.99,244.32,-1,-1,-1,-1
210,5,1602.91,437.25,83.67,243.76,-1,-1,-1,-1
211,5,1598.46,424.46,89.11,255.84,-1,-1,-1,-1
212,5,1584.57,420.20,89.80,263.14,-1,-1,-1,-1
213,5,1584.66,424.41,86.07,253.36,-1,-1,-1,-1
214,5,1577.52,424.24,85.76,253.65,-1,-1,-1,-1
215,5,1569.06,429.85,84.04,242.36,-1,-1,-1,-1
216,5,1560.45,429.91,84.90,242.46,-1,-1,-1,-1
217,5,1546.85,427.88,84.08,247.50,-1,-1,-1,-1
218,5,1544.09,427.02,85.86,249.16,-1,-1,-1,-1
219,5,1535.40,416.97,89.61,257.08,-1,-1,-1,-1
220,5,1532.72,431.95,80.82,236.97,-1,-1,-1,-1
221,5,1527.77,422.49,86.18,244.41,-1,-1,-1,-1
222,5,1509.31,435.27,77.25,219.06,-1,-1,-1,-1
223,5,1496.30,423.34,86.95,242.03,-1,-1,-1,-1
224,5,1498.40,433.36,82.27,235.39,-1,-1,-1,-1
1,6,1299.89,397.79,112.40,324.92,-1,-1,-1,-1
2,6,1309.53,412.94,108.00,310.99,-1,-1,-1,-1
3,6,1311.08,413.77,105.78,307.47,-1,-1,-1,-1
4,6,1318.46,412.18,105.09,296.57,-1,-1,-1,-1
5,6,1309.36,404.97,110.81,310.53,-1,-1,-1,-1
6,6,1331.86,426.34,97.05,282.14,-1,-1,-1,-1
7,6,1326.02,410.40,107.47,300.17,-1,-1,-1,-1
1,7,1141.76,300.68,188.31,519.62,-1,-1,-1,-1
2,7,1150.72,309.79,186.84,516.38,-1,-1,-1,-1
3,7,1151.86,311.79,185.29,512.75,-1,-1,-1,-1
4,7,1166.74,316.78,185.14,487.68,-1,-1,-1,-1
5,7,1179.01,324.82,177.56,470.62,-1,-1,-1,-1
6,7,1189.62,327.36,171.55,450.28,-1,-1,-1,-1
7,7,1204.44,339.31,159.46,441.37,-1,-1,-1,-1
8,7,1214.04,324.78,171.90,470.37,-1,-1,-1,-1
9,7,1222.22,332.56,171.63,470.48,-1,-1,-1,-1
10,7,1233.20,334.41,166.36,467.44,-1,-1,-1,-1
11,7,1235.25,317.32,177.21,485.70,-1,-1,-1,-1
12,7,1237.51,319.61,172.41,480.72,-1,-1,-1,-1
13,7,1243.36,322.48,177.02,475.05,-1,-1,-1,-1
14,7,1264.90,333.94,166.95,467.52,-1,-1,-1,-1
15,7,1273.93,337.51,164.49,460.68,-1,-1,-1,-1
16,7,1286.89,351.88,155.14,446.60,-1,-1,-1,-1
1,8,1687.58,524.27,69.02,196.24,-1,-1,-1,-1
2,8,1689.91,527.45,67.14,190.97,-1,-1,-1,-1
3,8,1696.47,528.55,68.46,188.42,-1,-1,-1,-1
4,8,1703.29,530.04,69.84,187.54,-1,-1,-1,-1
5,8,1705.51,529.64,68.00,188.26,-1,-1,-1,-1
6,8,1712.62,541.39,66.41,178.69,-1,-1,-1,-1
7,8,1714.98,539.12,63.91,184.35,-1,-1,-1,-1
8,8,1715.67,540.41,62.62,181.48,-1,-1,-1,-1
9,8,1722.47,542.16,63.80,179.34,-1,-1,-1,-1
10,8,1728.16,548.00,57.26,167.40,-1,-1,-1,-1
11,8,1734.77,535.19,60.40,176.37,-1,-1,-1,-1
12,8,1737.38,533.61,68.02,195.04,-1,-1,-1,-1
15,9,1742.60,537.69,57.98,172.47,-1,-1,-1,-1
16,9,1742.07,544.24,59.60,175.31,-1,-1,-1,-1
17,9,1740.87,535.82,60.14,176.96,-1,-1,-1,-1
18,9,1738.73,530.15,63.90,187.82,-1,-1,-1,-1
19,9,1738.27,535.97,64.47,192.09,-1,-1,-1,-1
20,9,1736.19,532.88,68.41,200.07,-1,-1,-1,-1
21,9,1728.10,533.70,71.54,209.38,-1,-1,-1,-1
22,9,1726.64,533.63,73.55,209.52,-1,-1,-1,-1
23,9,1724.52,524.00,77.62,216.51,-1,-1,-1,-1
24,9,1723.09,524.49,79.61,215.77,-1,-1,-1,-1
25,9,1723.25,526.86,79.27,210.02,-1,-1,-1,-1
26,9,1723.71,525.98,79.47,211.56,-1,-1,-1,-1
27,9,1718.61,530.99,74.10,202.08,-1,-1,-1,-1
28,9,1720.02,533.68,70.94,197.38,-1,-1,-1,-1
29,9,1713.39,534.93,68.60,193.84,-1,-1,-1,-1
30,9,1712.16,536.98,69.67,191.24,-1,-1,-1,-1
31,9,1704.60,533.20,70.38,198.44,-1,-1,-1,-1
32,9,1705.71,535.35,66.72,192.62,-1,-1,-1,-1
33,9,1704.31,533.37,68.94,196.63,-1,-1,-1,-1
34,9,1702.42,526.80,73.43,209.86,-1,-1,-1,-1
35,9,1703.91,532.35,69.78,199.62,-1,-1,-1,-1
36,9,1705.42,538.24,66.67,188.86,-1,-1,-1,-1
37,9,1706.27,547.73,64.50,182.19,-1,-1,-1,-1
38,9,1703.44,531.37,72.06,203.66,-1,-1,-1,-1
39,9,1704.45,534.79,70.37,196.78,-1,-1,-1,-1
40,9,1712.58,544.86,67.99,188.40,-1,-1,-1,-1
41,9,1714.37,541.39,64.90,181.44,-1,-1,-1,-1
42,9,1715.02,541.16,63.94,182.89,-1,-1,-1,-1
43,9,1716.78,545.27,60.82,173.70,-1,-1,-1,-1
44,9,1715.61,543.26,63.00,178.63,-1,-1,-1,-1
45,9,1708.42,539.98,64.28,183.84,-1,-1,-1,-1
46,9,1714.57,541.65,65.02,181.31,-1,-1,-1,-1
47,9,1714.53,541.63,64.75,179.95,-1,-1,-1,-1
48,9,1715.96,543.13,62.67,177.13,-1,-1,-1,-1
49,9,1714.55,537.48,65.55,187.12,-1,-1,-1,-1
50,9,1712.06,532.70,69.56,196.74,-1,-1,-1,-1
51,9,1703.85,520.34,73.29,208.46,-1,-1,-1,-1
52,9,1701.41,512.41,77.83,222.41,-1,-1,-1,-1
53,9,1707.68,512.55,78.29,221.86,-1,-1,-1,-1
54,9,1589.19,469.82,91.41,244.55,-1,-1,-1,-1
55,9,1590.98,468.74,88.28,246.48,-1,-1,-1,-1
56,9,1589.88,459.47,90.34,249.73,-1,-1,-1,-1
57,9,1591.63,463.69,88.59,254.49,-1,-1,-1,-1
58,9,1589.45,452.42,92.62,264.14,-1,-1,-1,-1
59,9,1587.52,448.90,95.72,269.68,-1,-1,-1,-1
60,9,1586.84,449.60,96.48,267.02,-1,-1,-1,-1
61,9,1584.75,439.28,100.45,272.58,-1,-1,-1,-1
62,9,1586.17,432.53,98.24,284.96,-1,-1,-1,-1
63,9,1584.14,421.72,102.34,292.84,-1,-1,-1,-1
64,9,1587.87,427.74,95.14,278.32,-1,-1,-1,-1
65,9,1586.96,413.52,96.96,278.78,-1,-1,-1,-1
66,9,1590.35,408.15,104.46,288.32,-1,-1,-1,-1
67,9,1585.10,403.05,102.67,298.89,-1,-1,-1,-1
68,9,1594.33,413.88,99.14,289.64,-1,-1,-1,-1
69,9,1595.39,410.26,98.69,285.89,-1,-1,-1,-1
70,9,1595.14,413.44,100.22,293.50,-1,-1,-1,-1
71,9,1601.08,409.63,102.98,302.05,-1,-1,-1,-1
72,9,1601.75,408.80,102.29,302.41,-1,-1,-1,-1
73,9,1601.87,404.97,101.76,295.93,-1,-1,-1,-1
74,9,1601.76,406.36,101.02,292.15,-1,-1,-1,-1
75,9,1600.17,404.72,104.07,295.16,-1,-1,-1,-1
76,9,1606.00,398.16,108.14,307.40,-1,-1,-1,-1
77,9,1616.03,407.95,103.28,290.05,-1,-1,-1,-1
78,9,1613.56,400.62,108.51,303.77,-1,-1,-1,-1
79,9,1622.15,406.45,106.85,306.00,-1,-1,-1,-1
80,9,1684.73,546.25,63.34,184.17,-1,-1,-1,-1
81,9,1684.04,547.35,65.01,185.25,-1,-1,-1,-1
82,9,1683.11,541.00,68.65,195.77,-1,-1,-1,-1
83,9,1683.75,546.59,67.00,187.43,-1,-1,-1,-1
84,9,1682.51,549.33,66.18,182.37,-1,-1,-1,-1
85,9,1682.85,549.85,63.69,178.70,-1,-1,-1,-1
86,9,1683.95,552.62,61.99,173.16,-1,-1,-1,-1
87,9,1682.25,551.02,64.92,176.28,-1,-1,-1,-1
88,9,1680.39,565.73,57.62,161.80,-1,-1,-1,-1
89,9,1685.13,544.14,59.84,173.17,-1,-1,-1,-1
21,10,1392.04,411.85,104.11,295.12,-1,-1,-1,-1
23,11,1399.67,411.31,105.04,296.93,-1,-1,-1,-1
24,11,1408.58,416.16,101.27,288.38,-1,-1,-1,-1
25,11,1410.23,428.60,98.86,278.44,-1,-1,-1,-1
26,11,1416.36,430.92,104.49,289.27,-1,-1,-1,-1
27,11,1425.07,433.19,101.19,283.43,-1,-1,-1,-1
25,12,1684.47,460.19,46.41,135.88,-1,-1,-1,-1
26,12,1685.49,465.50,42.90,126.91,-1,-1,-1,-1
27,12,1682.58,462.49,48.25,145.66,-1,-1,-1,-1
28,12,1683.04,461.46,48.31,147.43,-1,-1,-1,-1
27,13,1183.45,370.48,136.81,379.06,-1,-1,-1,-1
28,13,1191.67,368.32,135.99,369.22,-1,-1,-1,-1
29,13,1195.07,376.79,131.37,368.54,-1,-1,-1,-1
30,13,1201.89,375.23,132.77,370.51,-1,-1,-1,-1
31,13,1209.23,378.64,133.34,362.72,-1,-1,-1,-1
32,13,1218.30,382.60,130.89,354.46,-1,-1,-1,-1
33,13,1219.09,380.38,129.44,359.34,-1,-1,-1,-1
34,13,1216.14,374.70,135.84,370.82,-1,-1,-1,-1
35,13,1226.07,374.98,131.89,369.31,-1,-1,-1,-1
36,13,1233.78,374.70,132.22,370.67,-1,-1,-1,-1
37,13,1230.71,365.37,138.68,389.88,-1,-1,-1,-1
38,13,1224.03,348.87,152.68,422.78,-1,-1,-1,-1
39,13,1237.20,352.74,142.48,399.86,-1,-1,-1,-1
40,13,1250.20,362.96,132.96,377.89,-1,-1,-1,-1
41,13,1263.77,360.68,134.65,368.11,-1,-1,-1,-1
42,13,1263.28,352.90,136.81,382.64,-1,-1,-1,-1
43,13,1263.27,350.83,137.57,387.69,-1,-1,-1,-1
44,13,1272.66,356.23,135.30,391.95,-1,-1,-1,-1
45,13,1279.18,357.18,136.59,390.29,-1,-1,-1,-1
46,13,1289.57,365.58,131.72,372.70,-1,-1,-1,-1
47,13,1291.55,365.53,128.94,373.04,-1,-1,-1,-1
48,13,1293.29,365.35,125.64,360.08,-1,-1,-1,-1
49,13,1300.63,367.64,126.30,354.99,-1,-1,-1,-1
50,13,1308.01,373.04,126.34,357.59,-1,-1,-1,-1
51,13,1305.55,361.35,132.34,367.25,-1,-1,-1,-1
52,13,1308.46,364.12,128.05,361.71,-1,-1,-1,-1
53,13,1321.83,367.09,131.33,369.43,-1,-1,-1,-1
54,13,1315.84,375.75,128.47,369.42,-1,-1,-1,-1
55,13,1317.42,377.04,125.54,350.63,-1,-1,-1,-1
56,13,1318.22,378.50,124.40,348.55,-1,-1,-1,-1
57,13,1328.85,383.90,117.90,335.68,-1,-1,-1,-1
58,13,1329.65,387.89,115.97,327.72,-1,-1,-1,-1
59,13,1330.85,386.29,113.84,317.72,-1,-1,-1,-1
60,13,1328.54,386.54,118.49,330.54,-1,-1,-1,-1
61,13,1328.12,385.06,118.60,332.82,-1,-1,-1,-1
62,13,1324.98,373.94,126.10,356.26,-1,-1,-1,-1
63,13,1324.65,371.93,127.58,360.44,-1,-1,-1,-1
64,13,1324.55,374.04,128.01,357.97,-1,-1,-1,-1
65,13,1326.09,380.75,124.58,343.22,-1,-1,-1,-1
30,14,1686.00,461.41,44.02,133.35,-1,-1,-1,-1
31,14,1686.77,462.51,42.12,131.09,-1,-1,-1,-1
42,15,1600.88,520.76,68.41,189.98,-1,-1,-1,-1
43,15,1601.16,521.13,67.83,189.29,-1,-1,-1,-1
44,15,1598.50,517.63,71.66,195.68,-1,-1,-1,-1
45,15,1596.89,504.48,76.77,207.14,-1,-1,-1,-1
46,15,1599.14,505.99,72.23,202.61,-1,-1,-1,-1
48,16,1622.43,395.56,90.50,265.12,-1,-1,-1,-1
51,17,1591.70,472.25,88.38,239.59,-1,-1,-1,-1
52,17,1590.71,469.78,90.05,244.04,-1,-1,-1,-1
53,17,1589.55,470.43,92.20,243.23,-1,-1,-1,-1
54,17,1647.42,388.86,105.76,296.23,-1,-1,-1,-1
55,17,1648.00,386.03,104.03,285.18,-1,-1,-1,-1
56,17,1651.42,381.70,113.01,310.23,-1,-1,-1,-1
57,17,1660.03,381.95,110.50,309.30,-1,-1,-1,-1
58,17,1661.45,379.32,108.04,298.37,-1,-1,-1,-1
59,17,1666.40,385.84,99.24,286.05,-1,-1,-1,-1
54,18,1703.01,515.31,74.91,214.95,-1,-1,-1,-1
55,18,1702.39,516.59,75.13,213.88,-1,-1,-1,-1
57,19,1704.51,521.61,70.76,204.19,-1,-1,-1,-1
58,19,1705.76,538.89,66.82,184.90,-1,-1,-1,-1
59,19,1702.28,535.37,72.41,191.35,-1,-1,-1,-1
60,19,1695.22,534.14,72.15,194.58,-1,-1,-1,-1
61,19,1676.71,391.63,92.84,258.91,-1,-1,-1,-1
62,19,1682.86,396.52,81.78,232.07,-1,-1,-1,-1
63,19,1678.61,390.07,91.04,260.18,-1,-1,-1,-1
64,19,1681.09,384.91,100.28,287.24,-1,-1,-1,-1
58,20,1171.94,407.56,112.57,319.87,-1,-1,-1,-1
59,20,1169.19,397.84,116.98,325.62,-1,-1,-1,-1
60,20,1171.19,399.60,113.14,321.15,-1,-1,-1,-1
61,20,1168.52,391.61,118.11,336.69,-1,-1,-1,-1
62,20,1169.19,393.32,116.96,333.59,-1,-1,-1,-1
63,20,1165.77,385.97,123.94,348.86,-1,-1,-1,-1
64,20,1163.80,400.83,114.47,332.53,-1,-1,-1,-1
65,20,1161.78,397.15,117.86,340.56,-1,-1,-1,-1
66,20,1156.55,384.32,126.54,354.15,-1,-1,-1,-1
67,20,1156.15,383.22,126.49,355.53,-1,-1,-1,-1
68,20,1157.69,386.28,124.00,349.22,-1,-1,-1,-1
69,20,1156.98,383.07,125.95,355.58,-1,-1,-1,-1
70,20,1155.83,377.34,127.67,365.33,-1,-1,-1,-1
71,20,1147.04,375.90,130.93,369.38,-1,-1,-1,-1
72,20,1149.44,385.19,126.80,363.74,-1,-1,-1,-1
73,20,1153.82,376.75,131.14,368.12,-1,-1,-1,-1
74,20,1155.99,384.44,127.14,365.89,-1,-1,-1,-1
75,20,1149.41,385.81,127.06,364.81,-1,-1,-1,-1
76,20,1156.52,388.87,125.79,358.73,-1,-1,-1,-1
77,20,1148.11,381.60,129.48,372.13,-1,-1,-1,-1
78,20,1152.98,372.20,133.81,377.00,-1,-1,-1,-1
79,20,1145.14,371.99,134.44,378.01,-1,-1,-1,-1
80,20,1145.07,370.46,134.57,381.13,-1,-1,-1,-1
81,20,1144.14,370.98,135.44,380.30,-1,-1,-1,-1
82,20,1144.32,372.06,134.52,377.53,-1,-1,-1,-1
83,20,1139.87,381.88,130.04,371.79,-1,-1,-1,-1
84,20,1141.15,386.62,127.76,363.47,-1,-1,-1,-1
85,20,1140.41,384.35,128.89,367.55,-1,-1,-1,-1
86,20,1138.97,385.87,129.96,365.89,-1,-1,-1,-1
87,20,1139.46,386.20,128.74,364.25,-1,-1,-1,-1
88,20,1131.72,385.63,129.74,367.26,-1,-1,-1,-1
89,20,1132.77,394.65,127.00,362.32,-1,-1,-1,-1
90,20,1124.55,390.53,129.24,370.87,-1,-1,-1,-1
91,20,1118.74,375.86,138.83,386.54,-1,-1,-1,-1
92,20,1110.45,369.03,140.93,398.25,-1,-1,-1,-1
93,20,1107.88,363.45,145.36,409.41,-1,-1,-1,-1
94,20,1107.72,366.25,143.93,402.38,-1,-1,-1,-1
95,20,1104.23,357.68,150.33,419.97,-1,-1,-1,-1
96,20,1104.88,360.07,148.67,414.37,-1,-1,-1,-1
97,20,1098.15,365.48,147.05,406.40,-1,-1,-1,-1
98,20,1099.20,369.50,146.08,411.90,-1,-1,-1,-1
99,20,1097.71,365.66,148.81,419.97,-1,-1,-1,-1
100,20,1096.80,365.05,149.70,422.31,-1,-1,-1,-1
101,20,1097.19,365.90,148.80,420.47,-1,-1,-1,-1
102,20,1098.37,363.66,147.92,423.75,-1,-1,-1,-1
103,20,1097.00,366.48,149.60,417.86,-1,-1,-1,-1
104,20,1091.79,348.29,159.37,440.57,-1,-1,-1,-1
105,20,1085.92,351.87,156.64,434.23,-1,-1,-1,-1
106,20,1084.38,348.57,158.78,440.22,-1,-1,-1,-1
107,20,1081.69,339.75,163.51,456.93,-1,-1,-1,-1
108,20,1081.19,339.03,164.25,458.19,-1,-1,-1,-1
109,20,1072.34,335.88,167.74,465.58,-1,-1,-1,-1
110,20,1077.65,354.03,158.03,443.97,-1,-1,-1,-1
111,20,1072.98,346.78,165.66,458.19,-1,-1,-1,-1
112,20,1065.38,344.02,165.42,464.17,-1,-1,-1,-1
113,20,1066.38,348.42,162.55,455.71,-1,-1,-1,-1
114,20,1049.59,339.67,166.83,472.75,-1,-1,-1,-1
115,20,1049.00,345.64,165.94,460.58,-1,-1,-1,-1
116,20,1048.44,347.00,166.08,457.41,-1,-1,-1,-1
117,20,1041.34,344.89,166.16,461.93,-1,-1,-1,-1
118,20,1038.75,339.29,170.50,473.35,-1,-1,-1,-1
119,20,1028.49,330.54,175.75,490.32,-1,-1,-1,-1
120,20,1027.76,330.04,175.96,492.86,-1,-1,-1,-1
121,20,1024.99,328.05,179.97,497.16,-1,-1,-1,-1
122,20,1019.86,332.39,176.48,503.07,-1,-1,-1,-1
123,20,1015.68,322.87,182.46,507.28,-1,-1,-1,-1
124,20,1008.61,318.71,183.36,515.02,-1,-1,-1,-1
125,20,1009.90,326.78,179.28,500.06,-1,-1,-1,-1
126,20,998.02,313.33,188.55,526.37,-1,-1,-1,-1
127,20,998.60,322.98,185.97,521.37,-1,-1,-1,-1
128,20,992.18,328.94,182.61,509.41,-1,-1,-1,-1
129,20,983.34,328.92,185.30,510.21,-1,-1,-1,-1
130,20,978.09,308.47,194.62,535.62,-1,-1,-1,-1
131,20,973.20,309.66,190.69,532.73,-1,-1,-1,-1
132,20,960.91,301.16,199.35,550.98,-1,-1,-1,-1
133,20,958.12,305.68,202.27,542.04,-1,-1,-1,-1
134,20,941.70,300.27,204.90,553.31,-1,-1,-1,-1
135,20,945.46,322.39,196.97,523.13,-1,-1,-1,-1
136,20,943.01,317.42,201.70,533.31,-1,-1,-1,-1
137,20,927.85,311.03,200.64,547.19,-1,-1,-1,-1
138,20,918.15,312.01,203.79,545.13,-1,-1,-1,-1
139,20,904.44,306.23,200.93,555.50,-1,-1,-1,-1
140,20,901.93,309.17,203.99,549.84,-1,-1,-1,-1
141,20,883.72,300.58,208.49,567.04,-1,-1,-1,-1
142,20,875.24,288.52,209.17,576.16,-1,-1,-1,-1
143,20,863.27,279.79,216.27,593.52,-1,-1,-1,-1
144,20,861.32,294.27,204.59,564.91,-1,-1,-1,-1
145,20,847.43,283.75,215.26,585.82,-1,-1,-1,-1
146,20,841.32,290.68,213.18,586.68,-1,-1,-1,-1
147,20,829.58,276.55,220.42,599.44,-1,-1,-1,-1
148,20,819.71,277.83,224.76,613.30,-1,-1,-1,-1
149,20,812.26,281.51,223.49,606.12,-1,-1,-1,-1
150,20,804.88,277.52,222.75,614.13,-1,-1,-1,-1
151,20,793.80,275.84,228.57,616.90,-1,-1,-1,-1
152,20,785.32,281.57,228.72,621.29,-1,-1,-1,-1
153,20,779.51,280.20,225.42,623.54,-1,-1,-1,-1
154,20,767.38,264.36,233.01,640.38,-1,-1,-1,-1
155,20,754.97,255.74,242.18,657.24,-1,-1,-1,-1
156,20,747.84,258.54,241.12,667.12,-1,-1,-1,-1
157,20,728.22,245.60,248.43,678.74,-1,-1,-1,-1
158,20,718.35,249.27,252.22,685.82,-1,-1,-1,-1
159,20,713.74,261.29,245.16,661.56,-1,-1,-1,-1
160,20,701.01,253.11,254.59,677.98,-1,-1,-1,-1
161,20,693.50,255.26,252.80,674.18,-1,-1,-1,-1
162,20,678.59,257.10,251.09,670.87,-1,-1,-1,-1
163,20,662.87,261.53,251.00,677.15,-1,-1,-1,-1
164,20,653.58,261.44,253.10,678.65,-1,-1,-1,-1
165,20,625.68,251.02,261.53,699.35,-1,-1,-1,-1
166,20,616.25,243.28,264.28,714.59,-1,-1,-1,-1
167,20,594.00,243.17,261.26,714.52,-1,-1,-1,-1
168,20,582.39,238.30,267.98,723.89,-1,-1,-1,-1
169,20,575.24,245.00,266.44,710.27,-1,-1,-1,-1
170,20,562.85,246.71,259.18,706.71,-1,-1,-1,-1
171,20,548.84,232.42,269.88,720.28,-1,-1,-1,-1
172,20,533.41,236.68,269.52,727.44,-1,-1,-1,-1
173,20,524.82,235.51,271.51,729.98,-1,-1,-1,-1
174,20,504.12,223.91,280.34,753.42,-1,-1,-1,-1
175,20,488.82,233.40,278.84,750.25,-1,-1,-1,-1
176,20,461.75,210.87,301.81,795.89,-1,-1,-1,-1
177,20,454.02,238.23,285.27,756.84,-1,-1,-1,-1
178,20,432.19,216.73,296.58,783.83,-1,-1,-1,-1
179,20,420.48,219.26,303.93,778.67,-1,-1,-1,-1
180,20,406.52,223.05,300.06,770.15,-1,-1,-1,-1
181,20,382.54,213.72,315.70,788.33,-1,-1,-1,-1
182,20,362.23,204.64,308.78,807.02,-1,-1,-1,-1
183,20,344.68,204.04,312.96,824.95,-1,-1,-1,-1
184,20,329.57,188.55,326.17,839.20,-1,-1,-1,-1
185,20,309.71,216.07,318.84,816.07,-1,-1,-1,-1
186,20,287.65,194.99,331.06,841.98,-1,-1,-1,-1
187,20,270.82,199.83,331.82,832.22,-1,-1,-1,-1
188,20,256.44,198.84,328.40,833.99,-1,-1,-1,-1
189,20,227.87,199.68,337.81,848.76,-1,-1,-1,-1
190,20,192.00,184.59,345.20,878.48,-1,-1,-1,-1
191,20,166.94,201.43,347.45,875.92,-1,-1,-1,-1
192,20,126.94,179.76,364.35,904.70,-1,-1,-1,-1
193,20,105.25,158.39,375.14,915.01,-1,-1,-1,-1
194,20,87.25,152.53,379.53,910.72,-1,-1,-1,-1
195,20,78.75,149.67,380.09,916.14,-1,-1,-1,-1
196,20,57.45,157.58,375.04,900.83,-1,-1,-1,-1
197,20,34.71,142.44,388.48,931.09,-1,-1,-1,-1
198,20,8.64,128.31,409.18,959.51,-1,-1,-1,-1
199,20,-12.57,108.75,434.85,982.61,-1,-1,-1,-1
200,20,-37.78,135.12,405.14,946.40,-1,-1,-1,-1
201,20,200.73,265.49,245.86,668.55,-1,-1,-1,-1
202,20,228.03,277.57,240.06,660.61,-1,-1,-1,-1
203,20,249.36,285.44,228.19,629.97,-1,-1,-1,-1
204,20,261.00,289.74,222.43,621.09,-1,-1,-1,-1
205,20,278.18,288.44,218.82,606.99,-1,-1,-1,-1
206,20,288.65,293.71,214.70,596.83,-1,-1,-1,-1
207,20,296.95,288.20,214.19,591.68,-1,-1,-1,-1
208,20,304.97,285.97,214.59,596.58,-1,-1,-1,-1
209,20,317.75,285.50,220.57,613.38,-1,-1,-1,-1
210,20,324.23,284.55,223.44,616.25,-1,-1,-1,-1
211,20,333.24,289.39,221.46,605.90,-1,-1,-1,-1
212,20,335.55,296.52,218.15,591.68,-1,-1,-1,-1
213,20,346.05,283.04,226.74,602.67,-1,-1,-1,-1
214,20,348.21,290.43,224.40,605.05,-1,-1,-1,-1
215,20,365.59,294.20,221.73,596.91,-1,-1,-1,-1
216,20,379.14,296.80,225.24,591.05,-1,-1,-1,-1
217,20,390.73,299.18,219.65,586.34,-1,-1,-1,-1
218,20,411.25,307.29,210.65,569.93,-1,-1,-1,-1
219,20,426.95,304.40,210.78,575.12,-1,-1,-1,-1
220,20,436.59,296.85,207.48,574.88,-1,-1,-1,-1
221,20,446.15,298.41,203.97,571.73,-1,-1,-1,-1
222,20,453.23,289.08,205.31,575.84,-1,-1,-1,-1
223,20,464.34,303.02,199.51,563.72,-1,-1,-1,-1
224,20,468.27,290.28,206.19,573.67,-1,-1,-1,-1
225,20,476.66,288.24,207.16,577.49,-1,-1,-1,-1
226,20,489.44,293.11,196.58,551.74,-1,-1,-1,-1
227,20,495.91,292.73,201.21,567.66,-1,-1,-1,-1
228,20,502.78,294.54,202.27,565.07,-1,-1,-1,-1
229,20,511.46,293.45,199.99,550.71,-1,-1,-1,-1
230,20,521.64,301.86,196.02,550.25,-1,-1,-1,-1
231,20,528.79,298.60,197.61,555.58,-1,-1,-1,-1
232,20,535.95,296.09,199.95,561.58,-1,-1,-1,-1
233,20,545.50,309.70,196.18,549.90,-1,-1,-1,-1
234,20,556.41,317.55,190.00,533.66,-1,-1,-1,-1
235,20,562.79,312.38,193.91,544.14,-1,-1,-1,-1
236,20,570.74,312.19,193.80,545.04,-1,-1,-1,-1
237,20,579.63,314.70,191.97,540.77,-1,-1,-1,-1
238,20,589.42,315.05,189.59,539.61,-1,-1,-1,-1
239,20,598.23,317.30,187.63,535.35,-1,-1,-1,-1
240,20,610.68,327.90,179.07,514.00,-1,-1,-1,-1
241,20,621.64,335.77,173.15,497.12,-1,-1,-1,-1
242,20,621.40,334.59,175.21,499.87,-1,-1,-1,-1
243,20,636.11,331.47,174.39,490.96,-1,-1,-1,-1
244,20,635.62,328.66,176.40,497.47,-1,-1,-1,-1
245,20,646.09,333.99,171.88,485.05,-1,-1,-1,-1
246,20,652.37,337.31,174.34,493.63,-1,-1,-1,-1
247,20,645.97,317.87,186.77,517.49,-1,-1,-1,-1
248,20,654.68,321.64,185.15,509.72,-1,-1,-1,-1
249,20,651.04,313.32,193.11,525.86,-1,-1,-1,-1
250,20,655.02,305.26,201.35,540.71,-1,-1,-1,-1
61,21,1689.06,536.31,68.45,188.77,-1,-1,-1,-1
62,21,1687.06,524.27,72.54,199.16,-1,-1,-1,-1
63,21,1690.36,541.10,64.47,179.90,-1,-1,-1,-1
64,21,1679.98,524.14,71.83,199.69,-1,-1,-1,-1
65,21,1684.54,532.11,62.13,183.29,-1,-1,-1,-1
66,21,1694.18,386.67,105.48,299.16,-1,-1,-1,-1
67,21,1699.06,394.06,97.47,285.18,-1,-1,-1,-1
68,21,1700.90,397.70,94.49,276.27,-1,-1,-1,-1
69,21,1701.07,398.87,94.06,274.88,-1,-1,-1,-1
70,21,1704.66,405.54,88.66,262.13,-1,-1,-1,-1
71,21,1711.05,404.11,90.79,266.49,-1,-1,-1,-1
72,21,1714.60,409.26,85.18,254.05,-1,-1,-1,-1
73,21,1721.17,408.87,86.54,254.67,-1,-1,-1,-1
74,21,1725.36,404.41,92.07,264.53,-1,-1,-1,-1
75,21,1724.97,400.71,93.78,271.26,-1,-1,-1,-1
76,21,1728.28,405.91,89.13,259.75,-1,-1,-1,-1
77,21,1727.40,402.52,91.35,266.34,-1,-1,-1,-1
78,21,1736.02,401.61,88.05,255.24,-1,-1,-1,-1
79,21,1737.40,398.95,86.39,259.08,-1,-1,-1,-1
80,21,1743.73,402.22,88.07,253.77,-1,-1,-1,-1
81,21,1746.61,410.98,84.52,249.28,-1,-1,-1,-1
82,21,1753.60,410.81,84.82,249.76,-1,-1,-1,-1
83,21,1752.56,406.50,88.35,258.29,-1,-1,-1,-1
84,21,1755.39,413.00,83.60,244.49,-1,-1,-1,-1
85,21,1760.75,410.77,85.73,248.93,-1,-1,-1,-1
86,21,1697.67,408.66,99.95,286.12,-1,-1,-1,-1
64,22,1875.48,449.42,51.17,157.44,-1,-1,-1,-1
66,23,1682.01,539.38,65.15,184.32,-1,-1,-1,-1
67,24,1343.90,389.95,119.69,325.33,-1,-1,-1,-1
68,24,1352.98,394.10,116.28,315.04,-1,-1,-1,-1
69,24,1345.43,394.31,118.39,332.03,-1,-1,-1,-1
70,24,1354.78,392.81,114.13,319.83,-1,-1,-1,-1
71,24,1350.99,380.60,123.18,343.69,-1,-1,-1,-1
72,24,1349.26,374.96,126.74,354.59,-1,-1,-1,-1
73,24,1350.76,373.43,122.57,341.78,-1,-1,-1,-1
68,25,1687.02,553.71,57.66,170.29,-1,-1,-1,-1
75,26,1683.42,544.51,65.89,189.18,-1,-1,-1,-1
76,26,1686.80,553.39,59.01,171.05,-1,-1,-1,-1
77,26,1688.40,554.65,58.54,168.97,-1,-1,-1,-1
78,27,1583.55,401.60,105.68,300.77,-1,-1,-1,-1
79,27,1587.66,411.45,97.27,280.99,-1,-1,-1,-1
80,27,1587.00,410.27,98.52,282.61,-1,-1,-1,-1
81,27,1587.34,409.87,98.55,284.23,-1,-1,-1,-1
82,27,1594.51,412.31,98.15,280.10,-1,-1,-1,-1
83,27,1598.26,418.88,91.04,264.69,-1,-1,-1,-1
84,27,1599.79,421.43,88.59,257.88,-1,-1,-1,-1
85,27,1604.49,414.87,93.71,272.20,-1,-1,-1,-1
86,27,1605.48,416.62,92.83,269.42,-1,-1,-1,-1
87,27,1614.07,419.70,90.77,262.70,-1,-1,-1,-1
88,27,1615.04,423.22,89.08,256.70,-1,-1,-1,-1
89,27,1619.15,433.23,82.25,238.92,-1,-1,-1,-1
90,27,1618.62,433.16,83.15,238.81,-1,-1,-1,-1
91,27,1632.38,422.51,85.05,244.81,-1,-1,-1,-1
80,28,1627.51,394.95,112.83,314.98,-1,-1,-1,-1
81,28,1638.23,403.79,106.83,311.94,-1,-1,-1,-1
82,28,1656.19,405.04,103.20,294.77,-1,-1,-1,-1
83,28,1658.64,410.41,100.23,298.42,-1,-1,-1,-1
84,28,1666.46,406.51,98.86,290.23,-1,-1,-1,-1
86,29,1677.28,392.20,109.51,319.41,-1,-1,-1,-1
87,29,1674.38,377.70,115.32,332.25,-1,-1,-1,-1
88,29,1687.30,385.46,106.29,301.34,-1,-1,-1,-1
89,29,1694.23,393.69,105.97,300.51,-1,-1,-1,-1
90,29,1695.27,392.45,105.63,303.75,-1,-1,-1,-1
91,29,1702.18,390.69,107.14,306.83,-1,-1,-1,-1
92,29,1702.69,394.73,105.37,298.54,-1,-1,-1,-1
93,29,1701.76,390.76,108.44,307.74,-1,-1,-1,-1
94,29,1711.83,385.32,105.29,302.61,-1,-1,-1,-1
95,29,1720.35,391.41,103.85,305.34,-1,-1,-1,-1
96,29,1718.47,387.97,107.65,312.45,-1,-1,-1,-1
97,29,1724.52,386.58,110.19,316.52,-1,-1,-1,-1
98,29,1721.73,375.23,116.76,337.20,-1,-1,-1,-1
99,29,1741.24,387.62,108.16,313.06,-1,-1,-1,-1
100,29,1749.92,389.93,107.52,307.91,-1,-1,-1,-1
101,29,1750.23,389.22,107.43,309.36,-1,-1,-1,-1
102,29,1802.65,441.72,80.75,237.44,-1,-1,-1,-1
103,29,1756.53,380.54,110.97,327.52,-1,-1,-1,-1
104,29,1675.70,424.43,80.77,241.94,-1,-1,-1,-1
105,29,1674.07,417.15,84.31,252.72,-1,-1,-1,-1
106,29,1672.74,415.31,86.73,256.18,-1,-1,-1,-1
107,29,1672.95,419.08,86.66,250.67,-1,-1,-1,-1
108,29,1680.62,421.66,86.21,245.14,-1,-1,-1,-1
109,29,1693.06,429.65,78.37,229.36,-1,-1,-1,-1
110,29,1778.04,362.26,132.02,379.31,-1,-1,-1,-1
111,29,1776.08,374.10,121.37,354.88,-1,-1,-1,-1
112,29,1785.29,385.67,102.69,301.15,-1,-1,-1,-1
113,29,1790.60,376.64,106.34,303.92,-1,-1,-1,-1
114,29,1799.40,382.01,106.16,308.72,-1,-1,-1,-1
115,29,1805.64,377.98,109.74,317.97,-1,-1,-1,-1
116,29,1810.46,387.69,100.37,297.72,-1,-1,-1,-1
117,29,1820.63,394.03,94.51,285.58,-1,-1,-1,-1
118,29,1823.55,397.55,91.87,279.03,-1,-1,-1,-1
119,29,1828.81,402.05,95.36,285.13,-1,-1,-1,-1
120,29,1831.00,403.50,92.21,279.65,-1,-1,-1,-1
121,29,1834.68,404.97,97.54,294.21,-1,-1,-1,-1
122,29,1833.22,399.45,101.50,305.95,-1,-1,-1,-1
123,29,1831.37,391.82,106.63,320.94,-1,-1,-1,-1
124,29,1844.21,408.75,93.77,285.51,-1,-1,-1,-1
125,29,1845.39,404.16,92.40,279.75,-1,-1,-1,-1
126,29,1849.21,404.27,86.34,263.75,-1,-1,-1,-1
127,29,1863.82,427.65,70.55,216.34,-1,-1,-1,-1
128,29,1868.10,436.84,63.61,197.30,-1,-1,-1,-1
91,30,1757.12,441.42,77.89,221.98,-1,-1,-1,-1
92,30,1758.56,452.73,73.77,213.41,-1,-1,-1,-1
94,31,1634.47,430.94,82.70,242.00,-1,-1,-1,-1
95,31,1641.65,427.13,82.66,235.41,-1,-1,-1,-1
96,31,1701.31,516.64,75.93,212.80,-1,-1,-1,-1
97,31,1707.40,537.40,65.00,185.63,-1,-1,-1,-1
98,31,1714.42,536.97,65.51,187.58,-1,-1,-1,-1
99,31,1717.19,540.37,62.18,179.51,-1,-1,-1,-1
100,31,1723.49,537.08,64.27,187.03,-1,-1,-1,-1
101,31,1730.31,532.32,67.12,196.86,-1,-1,-1,-1
102,31,1727.93,507.01,73.08,217.34,-1,-1,-1,-1
103,31,1739.52,510.86,78.73,225.27,-1,-1,-1,-1
104,31,1795.56,425.86,96.17,283.74,-1,-1,-1,-1
96,32,1642.97,432.34,81.67,238.51,-1,-1,-1,-1
100,33,1661.75,436.99,77.48,229.77,-1,-1,-1,-1
101,33,1671.32,440.71,73.23,222.07,-1,-1,-1,-1
102,33,1669.42,435.44,77.31,234.63,-1,-1,-1,-1
104,34,1763.35,386.69,112.72,330.79,-1,-1,-1,-1
105,34,1760.85,372.73,118.64,343.00,-1,-1,-1,-1
106,34,1765.72,371.24,124.98,362.11,-1,-1,-1,-1
107,34,1756.68,363.10,126.76,362.17,-1,-1,-1,-1
108,34,1764.24,359.33,128.42,370.31,-1,-1,-1,-1
104,35,-73.77,210.50,284.81,731.58,-1,-1,-1,-1
105,35,-48.88,218.81,266.48,714.55,-1,-1,-1,-1
106,35,-44.73,203.52,290.22,761.06,-1,-1,-1,-1
107,35,-28.04,204.68,304.20,774.04,-1,-1,-1,-1
108,35,-4.39,213.43,289.19,756.94,-1,-1,-1,-1
109,35,35.42,228.92,272.77,725.96,-1,-1,-1,-1
110,35,61.83,239.21,267.50,704.41,-1,-1,-1,-1
111,35,87.33,241.61,264.76,700.19,-1,-1,-1,-1
112,35,129.38,267.21,244.64,648.84,-1,-1,-1,-1
113,35,151.29,265.60,249.44,652.61,-1,-1,-1,-1
114,35,204.33,285.58,222.57,596.91,-1,-1,-1,-1
115,35,221.58,276.16,220.33,599.64,-1,-1,-1,-1
116,35,235.85,276.69,224.60,598.34,-1,-1,-1,-1
117,35,247.13,269.63,248.99,644.80,-1,-1,-1,-1
118,35,269.18,264.10,238.41,639.84,-1,-1,-1,-1
119,35,298.01,262.09,244.17,644.49,-1,-1,-1,-1
120,35,310.08,267.08,236.32,634.04,-1,-1,-1,-1
121,35,334.63,274.10,233.36,620.12,-1,-1,-1,-1
122,35,355.45,285.87,223.57,596.47,-1,-1,-1,-1
123,35,381.71,306.06,204.01,572.79,-1,-1,-1,-1
124,35,406.14,301.21,203.17,565.91,-1,-1,-1,-1
125,35,419.89,300.91,206.70,566.25,-1,-1,-1,-1
126,35,433.16,294.95,212.90,577.61,-1,-1,-1,-1
127,35,453.36,300.42,204.67,551.51,-1,-1,-1,-1
128,35,464.17,288.68,215.87,590.58,-1,-1,-1,-1
129,35,479.75,292.76,215.95,582.57,-1,-1,-1,-1
130,35,496.54,282.73,214.70,586.80,-1,-1,-1,-1
131,35,501.26,266.34,220.46,604.60,-1,-1,-1,-1
132,35,516.23,280.36,208.21,575.82,-1,-1,-1,-1
133,35,542.94,283.47,201.44,554.26,-1,-1,-1,-1
134,35,546.61,276.74,211.17,583.52,-1,-1,-1,-1
135,35,569.85,292.82,197.43,550.37,-1,-1,-1,-1
136,35,589.18,305.24,189.95,526.06,-1,-1,-1,-1
137,35,608.38,310.59,184.39,515.94,-1,-1,-1,-1
138,35,623.64,320.01,184.79,511.78,-1,-1,-1,-1
139,35,644.71,321.96,175.50,493.27,-1,-1,-1,-1
140,35,661.03,320.40,174.11,479.92,-1,-1,-1,-1
141,35,670.31,318.33,172.73,484.55,-1,-1,-1,-1
142,35,688.70,322.86,167.72,458.72,-1,-1,-1,-1
143,35,699.08,307.17,176.77,474.31,-1,-1,-1,-1
144,35,714.76,322.95,163.32,456.88,-1,-1,-1,-1
104,36,1744.00,518.04,71.17,208.36,-1,-1,-1,-1
105,36,1753.59,533.10,67.46,193.78,-1,-1,-1,-1
110,37,1698.81,426.07,81.17,235.01,-1,-1,-1,-1
111,37,1690.61,422.74,83.24,242.43,-1,-1,-1,-1
112,37,1690.88,424.15,83.15,240.82,-1,-1,-1,-1
113,37,1692.16,427.07,81.18,235.45,-1,-1,-1,-1
114,37,1700.02,433.11,79.17,238.05,-1,-1,-1,-1
115,37,1700.80,434.84,77.85,233.16,-1,-1,-1,-1
116,37,1703.91,441.61,74.14,220.23,-1,-1,-1,-1
117,37,1720.52,442.92,71.23,215.78,-1,-1,-1,-1
118,37,1719.27,440.36,73.94,222.70,-1,-1,-1,-1
114,38,1761.90,430.89,70.40,209.05,-1,-1,-1,-1
115,38,1766.22,430.01,72.98,212.38,-1,-1,-1,-1
116,38,1762.36,432.66,69.53,206.31,-1,-1,-1,-1
117,38,1766.36,430.76,72.74,212.13,-1,-1,-1,-1
118,38,1768.80,440.70,68.77,205.00,-1,-1,-1,-1
119,38,1766.20,434.00,75.53,218.79,-1,-1,-1,-1
120,38,1765.82,434.12,75.99,219.91,-1,-1,-1,-1
121,38,1773.76,438.01,72.98,211.05,-1,-1,-1,-1
122,38,1773.93,432.64,74.39,222.03,-1,-1,-1,-1
123,38,1773.22,427.50,77.32,231.88,-1,-1,-1,-1
124,38,1773.65,428.25,76.90,230.78,-1,-1,-1,-1
125,38,1782.13,431.79,75.18,221.73,-1,-1,-1,-1
126,38,1790.56,434.13,73.49,216.87,-1,-1,-1,-1
127,38,1792.77,438.91,70.55,208.99,-1,-1,-1,-1
128,38,1791.75,441.50,70.58,205.30,-1,-1,-1,-1
115,39,1841.63,548.68,68.15,197.16,-1,-1,-1,-1
121,40,1718.59,438.34,73.67,213.04,-1,-1,-1,-1
122,40,1721.13,442.30,69.81,203.40,-1,-1,-1,-1
123,40,1727.65,435.74,73.22,216.80,-1,-1,-1,-1
126,41,1734.62,433.49,74.09,218.70,-1,-1,-1,-1
127,41,1736.50,435.83,71.82,215.10,-1,-1,-1,-1
128,41,1740.19,430.33,77.88,228.18,-1,-1,-1,-1
129,41,1741.14,437.21,77.39,227.35,-1,-1,-1,-1
130,41,1739.20,430.75,82.84,241.60,-1,-1,-1,-1
131,41,1747.27,435.22,79.44,231.88,-1,-1,-1,-1
132,41,1750.16,432.55,76.14,222.42,-1,-1,-1,-1
133,41,1749.89,434.31,76.70,219.45,-1,-1,-1,-1
131,42,1154.75,442.09,81.13,218.65,-1,-1,-1,-1
131,43,1874.61,445.32,49.50,149.60,-1,-1,-1,-1
132,43,1875.90,445.77,48.25,148.11,-1,-1,-1,-1
133,43,1811.26,444.29,64.13,183.80,-1,-1,-1,-1
134,43,1811.51,449.06,63.82,188.61,-1,-1,-1,-1
135,43,1813.51,452.86,61.51,181.03,-1,-1,-1,-1
136,43,1819.84,445.43,63.04,182.83,-1,-1,-1,-1
137,43,1822.45,456.08,58.01,173.04,-1,-1,-1,-1
138,43,1830.09,457.31,56.31,170.04,-1,-1,-1,-1
139,43,1830.96,459.50,56.24,168.53,-1,-1,-1,-1
140,43,1831.33,457.81,56.10,170.13,-1,-1,-1,-1
141,43,1829.83,451.27,60.08,182.62,-1,-1,-1,-1
142,43,1829.63,454.37,59.99,181.28,-1,-1,-1,-1
143,43,1829.92,452.69,59.69,180.97,-1,-1,-1,-1
144,43,1830.24,446.35,61.21,182.74,-1,-1,-1,-1
145,43,1836.07,442.64,63.67,187.99,-1,-1,-1,-1
146,43,1834.76,440.65,65.85,192.11,-1,-1,-1,-1
147,43,1837.58,446.82,60.61,179.33,-1,-1,-1,-1
148,43,1846.30,448.44,58.77,175.01,-1,-1,-1,-1
135,44,1180.49,446.79,77.21,195.17,-1,-1,-1,-1
136,44,1180.19,443.74,78.14,200.37,-1,-1,-1,-1
137,44,1200.87,461.73,68.22,179.23,-1,-1,-1,-1
139,45,1201.27,447.72,67.80,192.33,-1,-1,-1,-1
140,45,1200.83,443.51,70.85,199.67,-1,-1,-1,-1
141,45,1207.65,441.26,70.37,206.78,-1,-1,-1,-1
142,45,1211.13,443.71,66.83,199.37,-1,-1,-1,-1
143,45,1216.94,443.49,68.48,202.20,-1,-1,-1,-1
144,45,1220.24,439.79,64.69,194.22,-1,-1,-1,-1
145,45,1226.14,445.84,66.15,196.96,-1,-1,-1,-1
146,45,1226.55,453.85,66.22,194.59,-1,-1,-1,-1
147,45,1233.36,453.30,66.46,195.56,-1,-1,-1,-1
148,45,1232.11,440.73,71.25,207.94,-1,-1,-1,-1
149,45,1237.97,449.39,62.03,189.34,-1,-1,-1,-1
150,45,1236.48,454.96,64.48,192.67,-1,-1,-1,-1
151,45,1243.50,446.77,65.30,195.96,-1,-1,-1,-1
152,45,1251.78,446.33,64.25,195.29,-1,-1,-1,-1
145,46,1673.82,455.07,50.63,147.21,-1,-1,-1,-1
152,47,1772.58,401.67,94.89,269.99,-1,-1,-1,-1
153,47,1791.02,401.82,89.26,253.91,-1,-1,-1,-1
154,47,1777.67,394.03,99.62,284.43,-1,-1,-1,-1
155,47,1776.72,393.05,101.70,286.01,-1,-1,-1,-1
152,48,1822.54,427.41,74.67,215.64,-1,-1,-1,-1
154,49,1257.00,442.00,69.28,203.55,-1,-1,-1,-1
155,49,1264.17,444.82,71.70,212.55,-1,-1,-1,-1
156,49,1263.59,444.13,73.39,214.70,-1,-1,-1,-1
157,49,1270.04,443.37,75.54,217.78,-1,-1,-1,-1
158,49,1267.59,439.20,80.04,224.91,-1,-1,-1,-1
159,49,1263.21,420.83,89.43,247.79,-1,-1,-1,-1
160,49,1272.12,434.18,87.05,234.87,-1,-1,-1,-1
157,50,1854.85,446.36,58.96,177.19,-1,-1,-1,-1
158,50,1863.14,451.15,56.05,168.93,-1,-1,-1,-1
159,50,1864.27,452.76,55.83,166.73,-1,-1,-1,-1
159,51,879.49,321.92,167.85,461.03,-1,-1,-1,-1
160,51,883.56,323.14,160.84,443.13,-1,-1,-1,-1
161,51,886.14,318.92,172.79,467.17,-1,-1,-1,-1
162,51,910.50,341.03,153.47,437.98,-1,-1,-1,-1
163,51,922.05,342.97,146.97,419.94,-1,-1,-1,-1
164,51,933.80,352.59,143.20,414.64,-1,-1,-1,-1
165,51,950.14,354.13,140.49,411.23,-1,-1,-1,-1
166,51,957.34,346.55,142.73,411.93,-1,-1,-1,-1
167,51,973.39,344.09,141.09,401.22,-1,-1,-1,-1
168,51,979.12,342.76,146.18,419.97,-1,-1,-1,-1
169,51,990.21,347.53,139.17,394.68,-1,-1,-1,-1
170,51,999.81,348.43,137.61,392.23,-1,-1,-1,-1
171,51,1006.86,337.12,139.51,399.43,-1,-1,-1,-1
172,51,1009.40,332.80,151.14,423.21,-1,-1,-1,-1
173,51,1020.11,341.15,145.31,406.85,-1,-1,-1,-1
174,51,1025.46,340.69,149.70,423.73,-1,-1,-1,-1
175,51,1044.34,356.98,142.59,406.13,-1,-1,-1,-1
176,51,1052.26,347.35,142.48,409.95,-1,-1,-1,-1
177,51,1061.35,353.58,140.34,397.50,-1,-1,-1,-1
178,51,1072.55,366.41,133.53,386.15,-1,-1,-1,-1
179,51,1078.53,363.54,138.09,392.85,-1,-1,-1,-1
180,51,1086.52,360.05,139.07,400.47,-1,-1,-1,-1
181,51,1085.80,350.56,142.06,403.22,-1,-1,-1,-1
182,51,1104.73,354.17,134.87,380.21,-1,-1,-1,-1
183,51,1106.48,343.59,147.11,416.46,-1,-1,-1,-1
184,51,1111.61,351.71,138.30,400.41,-1,-1,-1,-1
185,51,1116.45,338.13,143.69,412.71,-1,-1,-1,-1
186,51,1126.38,350.63,140.15,403.03,-1,-1,-1,-1
187,51,1139.21,351.22,145.63,403.58,-1,-1,-1,-1
188,51,1144.06,358.66,137.42,386.97,-1,-1,-1,-1
164,52,1059.10,597.41,49.05,147.29,-1,-1,-1,-1
167,53,1294.66,420.47,89.94,246.47,-1,-1,-1,-1
168,53,1294.23,417.33,92.21,253.88,-1,-1,-1,-1
169,53,1304.14,424.53,87.09,239.52,-1,-1,-1,-1
172,54,1766.23,426.94,74.42,216.09,-1,-1,-1,-1
173,54,1767.66,423.99,71.62,210.40,-1,-1,-1,-1
174,54,1680.65,410.20,86.92,252.19,-1,-1,-1,-1
175,54,1680.21,405.03,85.88,248.69,-1,-1,-1,-1
176,54,1683.92,415.44,78.25,226.94,-1,-1,-1,-1
177,54,1686.01,418.04,75.62,222.42,-1,-1,-1,-1
178,54,1693.20,421.88,77.97,226.86,-1,-1,-1,-1
179,54,1692.94,420.85,78.32,228.39,-1,-1,-1,-1
180,54,1701.79,424.81,75.03,220.14,-1,-1,-1,-1
181,54,1674.39,459.04,50.35,152.05,-1,-1,-1,-1
182,54,1675.60,461.27,48.68,147.49,-1,-1,-1,-1
183,54,1675.46,454.85,50.59,147.84,-1,-1,-1,-1
184,54,1675.65,453.26,50.12,149.27,-1,-1,-1,-1
185,54,1675.94,454.94,48.73,145.06,-1,-1,-1,-1
186,54,1675.00,452.37,50.36,150.05,-1,-1,-1,-1
187,54,1674.10,450.37,52.39,154.50,-1,-1,-1,-1
188,54,1673.95,453.28,52.61,149.49,-1,-1,-1,-1
189,54,1673.11,452.03,53.91,151.41,-1,-1,-1,-1
190,54,1674.02,454.12,52.10,148.22,-1,-1,-1,-1
191,54,1675.35,457.95,49.13,140.40,-1,-1,-1,-1
174,55,931.44,526.95,30.81,83.18,-1,-1,-1,-1
175,55,932.66,528.19,29.88,80.97,-1,-1,-1,-1
174,56,1765.49,424.90,76.27,220.58,-1,-1,-1,-1
175,57,1346.72,430.15,80.25,227.36,-1,-1,-1,-1
176,57,1349.04,439.50,77.37,222.88,-1,-1,-1,-1
177,57,1350.05,434.09,76.33,221.47,-1,-1,-1,-1
178,57,1351.03,434.62,74.82,220.69,-1,-1,-1,-1
179,57,1348.87,433.67,80.68,236.48,-1,-1,-1,-1
180,57,1358.38,436.69,73.35,216.22,-1,-1,-1,-1
178,58,1182.00,573.60,45.43,133.10,-1,-1,-1,-1
182,59,1710.18,416.39,75.36,223.54,-1,-1,-1,-1
183,59,1709.68,414.40,76.64,226.99,-1,-1,-1,-1
184,59,1710.24,414.27,76.60,226.60,-1,-1,-1,-1
185,59,1716.91,414.53,77.47,227.27,-1,-1,-1,-1
186,59,1719.55,417.70,73.42,217.82,-1,-1,-1,-1
187,59,1718.02,410.04,75.77,223.47,-1,-1,-1,-1
188,59,1725.29,414.49,77.35,226.50,-1,-1,-1,-1
189,59,1731.17,411.03,79.99,231.21,-1,-1,-1,-1
190,59,1730.37,404.87,83.74,245.12,-1,-1,-1,-1
182,60,-67.02,255.23,254.21,672.64,-1,-1,-1,-1
183,60,-58.87,251.07,253.60,680.96,-1,-1,-1,-1
184,60,-44.84,254.13,258.42,691.38,-1,-1,-1,-1
185,60,-32.70,252.78,266.39,709.77,-1,-1,-1,-1
186,60,-18.52,247.56,268.59,719.51,-1,-1,-1,-1
187,60,-4.45,249.91,271.59,715.12,-1,-1,-1,-1
188,60,16.21,255.40,262.88,704.15,-1,-1,-1,-1
189,60,27.55,249.33,272.98,716.61,-1,-1,-1,-1
183,61,1370.36,440.79,68.24,207.25,-1,-1,-1,-1
184,61,1375.88,437.99,71.09,212.48,-1,-1,-1,-1
185,61,1379.43,437.70,67.42,196.64,-1,-1,-1,-1
186,61,1384.06,444.25,71.30,213.14,-1,-1,-1,-1
187,61,1392.32,446.03,70.13,209.14,-1,-1,-1,-1
188,61,1390.80,437.23,75.48,214.74,-1,-1,-1,-1
189,61,1397.93,440.80,75.17,207.25,-1,-1,-1,-1
190,61,1401.37,444.43,70.14,199.22,-1,-1,-1,-1
191,61,1405.81,439.90,75.55,208.20,-1,-1,-1,-1
192,61,1415.51,443.71,69.60,201.96,-1,-1,-1,-1
193,61,1416.21,441.77,71.27,205.63,-1,-1,-1,-1
194,61,1423.17,440.57,72.69,207.17,-1,-1,-1,-1
195,61,1424.58,443.67,71.59,214.76,-1,-1,-1,-1
196,61,1429.87,444.28,73.12,213.21,-1,-1,-1,-1
197,61,1431.00,440.22,75.13,207.98,-1,-1,-1,-1
198,61,1437.76,436.75,76.39,216.01,-1,-1,-1,-1
199,61,1439.78,445.20,74.01,210.95,-1,-1,-1,-1
200,61,1445.38,439.91,76.25,222.62,-1,-1,-1,-1
201,61,1445.46,438.70,78.02,225.48,-1,-1,-1,-1
202,61,1451.95,438.88,78.13,224.35,-1,-1,-1,-1
203,61,1455.19,443.85,73.92,213.30,-1,-1,-1,-1
204,61,1462.61,446.19,72.13,210.57,-1,-1,-1,-1
188,62,1257.64,565.37,52.53,145.60,-1,-1,-1,-1
189,62,1264.61,555.26,54.27,153.02,-1,-1,-1,-1
190,62,1159.78,344.27,153.22,416.43,-1,-1,-1,-1
191,62,1182.25,360.25,140.41,384.25,-1,-1,-1,-1
192,62,1196.60,371.63,127.32,360.18,-1,-1,-1,-1
193,62,1208.04,378.63,120.56,346.81,-1,-1,-1,-1
194,62,1209.45,375.47,118.70,338.35,-1,-1,-1,-1
195,62,1211.24,370.40,131.72,380.02,-1,-1,-1,-1
196,62,1215.92,341.89,152.11,421.18,-1,-1,-1,-1
197,62,1223.84,331.29,152.15,426.94,-1,-1,-1,-1
198,62,1230.89,330.17,153.15,413.15,-1,-1,-1,-1
199,62,1238.87,332.08,153.37,425.19,-1,-1,-1,-1
200,62,1254.64,356.62,137.57,392.38,-1,-1,-1,-1
201,62,1259.34,351.05,143.22,403.11,-1,-1,-1,-1
202,62,1265.23,366.22,133.96,386.89,-1,-1,-1,-1
203,62,1271.46,358.60,135.95,388.45,-1,-1,-1,-1
204,62,1278.49,357.77,137.28,389.14,-1,-1,-1,-1
205,62,1291.37,363.90,129.09,375.51,-1,-1,-1,-1
206,62,1296.24,358.59,134.80,386.09,-1,-1,-1,-1
207,62,1297.09,351.48,133.44,369.42,-1,-1,-1,-1
208,62,1308.04,359.32,129.56,369.17,-1,-1,-1,-1
191,63,1273.21,560.40,54.17,155.60,-1,-1,-1,-1
192,63,1289.87,558.33,52.07,147.07,-1,-1,-1,-1
193,63,1298.81,550.93,51.48,149.28,-1,-1,-1,-1
192,64,1817.26,394.77,101.26,282.23,-1,-1,-1,-1
193,64,1806.16,407.87,90.93,256.34,-1,-1,-1,-1
194,64,1788.65,406.92,95.66,272.59,-1,-1,-1,-1
195,64,1788.28,401.07,94.77,271.26,-1,-1,-1,-1
196,64,1779.04,399.35,97.38,273.93,-1,-1,-1,-1
197,64,1768.59,388.56,104.07,295.71,-1,-1,-1,-1
198,64,1782.46,405.38,90.51,262.07,-1,-1,-1,-1
193,65,1274.12,558.04,54.42,162.22,-1,-1,-1,-1
194,65,1273.60,557.81,56.77,163.66,-1,-1,-1,-1
193,66,1675.75,457.70,47.94,140.19,-1,-1,-1,-1
194,66,1674.58,454.85,49.91,145.67,-1,-1,-1,-1
195,66,1674.19,453.18,51.21,149.80,-1,-1,-1,-1
196,66,1674.47,453.47,51.03,150.43,-1,-1,-1,-1
197,67,1815.65,409.82,88.31,251.67,-1,-1,-1,-1
198,67,1818.83,419.61,80.69,232.55,-1,-1,-1,-1
199,67,1813.53,419.89,77.42,229.72,-1,-1,-1,-1
200,67,1811.80,416.57,80.81,237.91,-1,-1,-1,-1
201,67,1811.56,415.97,82.74,241.95,-1,-1,-1,-1
202,67,1817.06,415.03,85.29,244.93,-1,-1,-1,-1
203,67,1819.50,418.62,81.69,236.66,-1,-1,-1,-1
204,67,1821.57,418.29,79.06,233.78,-1,-1,-1,-1
205,67,1829.58,424.74,75.60,218.05,-1,-1,-1,-1
206,67,1830.68,426.84,74.04,214.33,-1,-1,-1,-1
207,67,1832.45,427.10,72.86,213.57,-1,-1,-1,-1
208,67,1832.93,428.32,72.37,212.28,-1,-1,-1,-1
209,67,1839.64,432.87,71.07,205.39,-1,-1,-1,-1
210,67,1838.86,432.82,72.37,207.45,-1,-1,-1,-1
211,67,1839.96,434.65,70.79,203.63,-1,-1,-1,-1
212,67,1839.87,433.58,71.50,204.34,-1,-1,-1,-1
213,67,1841.25,436.01,69.62,198.36,-1,-1,-1,-1
214,67,1840.96,435.03,69.35,198.96,-1,-1,-1,-1
215,67,1841.94,433.87,69.27,200.05,-1,-1,-1,-1
216,67,1840.16,426.34,72.29,206.34,-1,-1,-1,-1
217,67,1839.34,426.51,73.45,204.96,-1,-1,-1,-1
218,67,1847.88,434.54,70.43,199.30,-1,-1,-1,-1
219,67,1849.43,437.19,68.08,195.17,-1,-1,-1,-1
220,67,1850.98,438.69,66.29,191.38,-1,-1,-1,-1
221,67,1859.81,443.80,61.77,181.71,-1,-1,-1,-1
222,67,1859.56,441.50,62.95,184.50,-1,-1,-1,-1
223,67,1858.73,439.47,64.42,189.14,-1,-1,-1,-1
224,67,1859.74,439.04,63.13,188.78,-1,-1,-1,-1
225,67,1861.00,437.92,62.25,183.27,-1,-1,-1,-1
226,67,1860.47,436.63,61.79,183.77,-1,-1,-1,-1
227,67,1859.95,438.50,64.20,191.33,-1,-1,-1,-1
228,67,1858.95,433.61,66.07,190.45,-1,-1,-1,-1
229,67,1860.08,432.13,65.73,191.17,-1,-1,-1,-1
230,67,1867.46,437.88,62.36,181.05,-1,-1,-1,-1
231,67,1860.88,435.85,63.86,185.83,-1,-1,-1,-1
232,67,1869.54,445.49,59.46,177.15,-1,-1,-1,-1
233,67,1869.77,446.97,58.99,175.40,-1,-1,-1,-1
234,67,1870.18,447.67,58.64,174.03,-1,-1,-1,-1
235,67,1871.21,448.36,57.67,171.64,-1,-1,-1,-1
236,67,1870.69,443.83,58.38,169.40,-1,-1,-1,-1
237,67,1871.02,445.89,57.83,166.76,-1,-1,-1,-1
238,67,1870.10,444.89,58.72,167.55,-1,-1,-1,-1
239,67,1869.49,443.31,59.58,169.75,-1,-1,-1,-1
240,67,1868.09,441.71,61.55,173.42,-1,-1,-1,-1
201,68,-76.79,111.96,419.70,976.69,-1,-1,-1,-1
204,69,1740.55,396.16,94.46,265.29,-1,-1,-1,-1
205,69,1763.16,414.40,82.02,241.32,-1,-1,-1,-1
206,69,1761.04,410.30,86.41,250.16,-1,-1,-1,-1
207,69,1763.14,415.48,81.13,239.36,-1,-1,-1,-1
208,69,1763.05,409.01,80.78,236.23,-1,-1,-1,-1
209,69,1767.38,418.36,73.81,220.16,-1,-1,-1,-1
210,69,1773.96,421.36,74.27,215.23,-1,-1,-1,-1
211,69,1775.15,419.83,72.96,213.89,-1,-1,-1,-1
212,69,1777.44,417.22,69.52,207.96,-1,-1,-1,-1
213,69,1783.98,419.35,72.32,214.86,-1,-1,-1,-1
214,69,1783.83,417.71,72.99,218.85,-1,-1,-1,-1
215,69,1785.03,418.36,70.06,204.87,-1,-1,-1,-1
216,69,1790.97,411.47,74.72,217.06,-1,-1,-1,-1
217,69,1789.56,408.80,77.31,223.77,-1,-1,-1,-1
218,69,1796.16,407.89,78.69,227.07,-1,-1,-1,-1
219,69,1799.16,417.62,74.05,218.69,-1,-1,-1,-1
220,69,1799.96,420.27,72.23,213.06,-1,-1,-1,-1
221,69,1799.33,416.14,73.88,221.17,-1,-1,-1,-1
222,69,1799.02,416.19,73.93,220.47,-1,-1,-1,-1
223,69,1800.50,418.42,72.27,217.04,-1,-1,-1,-1
224,69,1799.84,418.68,72.52,217.16,-1,-1,-1,-1
225,69,1801.42,419.72,71.41,214.64,-1,-1,-1,-1
226,69,1801.58,419.14,71.48,215.68,-1,-1,-1,-1
227,69,1804.97,409.79,76.93,224.23,-1,-1,-1,-1
228,69,1804.48,406.73,78.57,229.96,-1,-1,-1,-1
229,69,1806.29,410.81,75.22,219.72,-1,-1,-1,-1
230,69,1807.17,409.11,76.42,223.36,-1,-1,-1,-1
231,69,1806.22,409.94,76.73,223.44,-1,-1,-1,-1
232,69,1805.74,407.96,77.61,227.50,-1,-1,-1,-1
233,69,1809.48,417.75,72.12,217.09,-1,-1,-1,-1
234,69,1809.65,417.47,71.96,218.08,-1,-1,-1,-1
235,69,1810.56,419.99,70.43,214.97,-1,-1,-1,-1
236,69,1813.75,410.03,76.38,223.89,-1,-1,-1,-1
237,69,1816.71,415.68,73.40,222.20,-1,-1,-1,-1
238,69,1822.34,415.39,74.58,222.74,-1,-1,-1,-1
239,69,1821.65,411.03,76.03,221.57,-1,-1,-1,-1
240,69,1821.76,412.48,75.18,218.85,-1,-1,-1,-1
241,69,1830.27,419.51,73.87,215.27,-1,-1,-1,-1
242,69,1830.11,415.09,74.94,215.45,-1,-1,-1,-1
243,69,1830.61,416.02,74.15,212.84,-1,-1,-1,-1
244,69,1832.31,418.92,72.23,214.67,-1,-1,-1,-1
245,69,1833.84,423.71,69.50,206.26,-1,-1,-1,-1
246,69,1834.15,423.97,69.31,205.82,-1,-1,-1,-1
247,69,1834.71,425.00,68.49,203.50,-1,-1,-1,-1
248,69,1833.39,421.14,71.55,212.35,-1,-1,-1,-1
249,69,1838.07,417.93,75.06,220.36,-1,-1,-1,-1
250,69,1838.19,415.20,75.50,223.15,-1,-1,-1,-1
251,69,1839.68,415.54,73.52,223.16,-1,-1,-1,-1
252,69,1854.16,405.49,74.75,229.48,-1,-1,-1,-1
253,69,1853.12,402.95,76.88,234.22,-1,-1,-1,-1
254,69,1855.05,501.54,43.11,132.89,-1,-1,-1,-1
255,69,1841.77,398.58,84.96,258.39,-1,-1,-1,-1
210,70,1673.76,401.36,100.27,284.97,-1,-1,-1,-1
211,70,1666.43,402.72,98.43,281.84,-1,-1,-1,-1
212,70,1658.75,405.02,96.90,276.42,-1,-1,-1,-1
213,70,1652.20,410.69,93.20,265.20,-1,-1,-1,-1
214,70,1637.60,406.87,94.42,272.72,-1,-1,-1,-1
215,70,1630.47,410.17,93.86,269.35,-1,-1,-1,-1
216,70,1629.28,411.86,93.49,266.66,-1,-1,-1,-1
217,70,1621.02,415.11,94.84,271.31,-1,-1,-1,-1
218,70,1620.64,414.89,92.98,258.81,-1,-1,-1,-1
219,70,1613.37,414.44,91.89,258.08,-1,-1,-1,-1
220,70,1599.72,417.90,89.17,251.40,-1,-1,-1,-1
221,70,1594.19,430.44,83.86,240.40,-1,-1,-1,-1
222,70,1584.13,419.17,87.70,251.79,-1,-1,-1,-1
223,70,1574.92,415.13,89.42,259.48,-1,-1,-1,-1
224,70,1566.54,409.54,92.10,269.94,-1,-1,-1,-1
225,70,1561.50,417.78,86.22,252.21,-1,-1,-1,-1
226,70,1550.67,413.44,91.64,262.53,-1,-1,-1,-1
227,70,1542.96,414.35,90.85,260.62,-1,-1,-1,-1
228,70,1532.40,411.50,96.10,266.72,-1,-1,-1,-1
229,70,1533.91,416.52,91.80,256.36,-1,-1,-1,-1
230,70,1544.81,431.16,85.92,240.26,-1,-1,-1,-1
231,70,1572.80,436.79,79.20,229.55,-1,-1,-1,-1
232,70,1574.07,440.30,75.89,221.47,-1,-1,-1,-1
233,70,1573.22,436.55,78.02,229.68,-1,-1,-1,-1
234,70,1539.20,430.54,80.12,227.82,-1,-1,-1,-1
235,70,1583.60,444.68,73.24,212.93,-1,-1,-1,-1
236,70,1580.97,433.56,77.04,220.24,-1,-1,-1,-1
237,70,1582.48,435.02,75.37,216.80,-1,-1,-1,-1
238,70,1581.10,434.72,77.32,219.18,-1,-1,-1,-1
211,71,1326.89,363.16,123.17,361.39,-1,-1,-1,-1
212,71,1339.06,369.23,113.45,333.45,-1,-1,-1,-1
213,71,1347.45,376.18,112.53,322.03,-1,-1,-1,-1
214,71,1356.22,382.48,111.61,324.44,-1,-1,-1,-1
215,71,1362.25,377.80,115.01,334.12,-1,-1,-1,-1
216,71,1372.49,389.60,111.98,326.23,-1,-1,-1,-1
217,71,1382.27,399.00,106.77,307.37,-1,-1,-1,-1
218,71,1381.32,393.17,110.04,317.92,-1,-1,-1,-1
219,71,1387.01,384.44,114.01,321.11,-1,-1,-1,-1
220,71,1402.97,388.61,113.03,326.33,-1,-1,-1,-1
221,71,1404.00,386.63,112.63,329.05,-1,-1,-1,-1
222,71,1412.28,389.46,111.02,323.98,-1,-1,-1,-1
223,71,1419.26,389.55,112.53,324.46,-1,-1,-1,-1
224,71,1428.43,391.70,109.92,320.52,-1,-1,-1,-1
225,71,1435.28,389.01,112.58,325.91,-1,-1,-1,-1
226,71,1434.70,384.06,114.38,335.19,-1,-1,-1,-1
227,71,1435.77,388.52,112.56,326.78,-1,-1,-1,-1
228,71,1439.20,393.43,107.01,315.22,-1,-1,-1,-1
229,71,1444.80,385.34,110.60,318.32,-1,-1,-1,-1
230,71,1455.77,400.13,104.53,302.08,-1,-1,-1,-1
231,71,1463.07,397.70,105.76,307.58,-1,-1,-1,-1
232,71,1464.36,393.76,103.90,299.74,-1,-1,-1,-1
233,71,1466.73,385.75,113.59,316.69,-1,-1,-1,-1
234,71,1462.87,387.30,106.56,299.45,-1,-1,-1,-1
235,71,1469.67,383.45,108.90,306.58,-1,-1,-1,-1
236,71,1475.66,379.84,113.61,328.11,-1,-1,-1,-1
237,71,1492.05,385.64,112.49,331.44,-1,-1,-1,-1
238,71,1496.07,395.20,106.35,313.63,-1,-1,-1,-1
239,71,1493.27,394.82,110.00,313.43,-1,-1,-1,-1
240,71,1457.71,426.58,85.74,250.46,-1,-1,-1,-1
241,71,1449.66,430.94,84.31,240.77,-1,-1,-1,-1
242,71,1442.20,427.36,85.61,248.65,-1,-1,-1,-1
243,71,1442.37,438.58,81.81,227.49,-1,-1,-1,-1
244,71,1434.70,434.98,82.12,232.25,-1,-1,-1,-1
245,71,1427.42,439.05,81.33,224.81,-1,-1,-1,-1
246,71,1418.02,430.87,82.87,227.27,-1,-1,-1,-1
247,71,1412.22,435.13,80.62,231.31,-1,-1,-1,-1
248,71,1409.10,432.80,84.35,236.91,-1,-1,-1,-1
249,71,1404.53,440.16,78.05,221.60,-1,-1,-1,-1
250,71,1395.41,435.81,80.73,228.74,-1,-1,-1,-1
251,71,1386.33,429.07,83.50,231.03,-1,-1,-1,-1
252,71,1388.25,435.24,79.27,230.78,-1,-1,-1,-1
253,71,1379.57,424.25,81.29,238.33,-1,-1,-1,-1
254,71,1378.74,429.53,79.65,229.71,-1,-1,-1,-1
255,71,1372.71,433.15,79.54,234.77,-1,-1,-1,-1
256,71,1371.87,431.98,80.97,237.64,-1,-1,-1,-1
257,71,1370.05,430.77,83.12,240.11,-1,-1,-1,-1
258,71,1411.11,441.46,65.00,190.25,-1,-1,-1,-1
259,71,1357.13,436.16,75.13,217.15,-1,-1,-1,-1
260,71,1357.40,446.01,74.21,212.49,-1,-1,-1,-1
261,71,1429.95,453.28,59.64,182.35,-1,-1,-1,-1
211,72,1489.51,439.89,68.90,209.14,-1,-1,-1,-1
212,72,1495.89,439.35,69.56,209.15,-1,-1,-1,-1
213,72,1498.50,437.93,65.79,197.77,-1,-1,-1,-1
214,72,1506.73,441.89,63.25,189.11,-1,-1,-1,-1
215,72,1514.31,447.78,68.53,206.15,-1,-1,-1,-1
216,72,1525.34,429.57,78.10,231.08,-1,-1,-1,-1
220,73,1204.85,469.94,61.36,179.26,-1,-1,-1,-1
221,73,1212.56,468.42,62.37,180.91,-1,-1,-1,-1
222,73,1225.55,488.02,53.45,158.03,-1,-1,-1,-1
220,74,1667.28,442.02,63.03,185.58,-1,-1,-1,-1
221,74,1669.96,447.46,57.69,174.45,-1,-1,-1,-1
222,74,1672.78,453.10,53.37,163.06,-1,-1,-1,-1
223,74,1675.08,455.30,50.18,146.37,-1,-1,-1,-1
224,74,1673.49,451.44,52.85,153.14,-1,-1,-1,-1
225,74,1673.77,451.72,52.36,152.25,-1,-1,-1,-1
226,74,1674.24,453.53,50.76,148.21,-1,-1,-1,-1
227,74,1673.74,451.80,52.13,150.96,-1,-1,-1,-1
228,74,1673.68,453.22,51.86,148.94,-1,-1,-1,-1
229,74,1673.41,453.06,52.03,149.67,-1,-1,-1,-1
230,74,1675.03,455.69,49.78,144.35,-1,-1,-1,-1
231,74,1675.92,458.23,48.14,140.27,-1,-1,-1,-1
232,74,1674.93,455.66,49.16,144.10,-1,-1,-1,-1
233,74,1675.18,456.67,48.80,142.67,-1,-1,-1,-1
234,74,1674.93,455.35,49.17,145.26,-1,-1,-1,-1
235,74,1674.65,455.79,49.38,144.58,-1,-1,-1,-1
236,74,1674.40,454.79,49.79,145.86,-1,-1,-1,-1
237,74,1674.60,455.14,49.60,145.30,-1,-1,-1,-1
238,74,1674.57,456.38,49.12,143.56,-1,-1,-1,-1
239,74,1673.84,453.61,51.43,148.14,-1,-1,-1,-1
240,74,1675.16,455.19,49.34,144.33,-1,-1,-1,-1
241,74,1674.21,456.47,50.05,142.99,-1,-1,-1,-1
242,74,1671.49,451.26,54.15,153.29,-1,-1,-1,-1
243,74,1671.23,452.35,53.66,152.21,-1,-1,-1,-1
244,74,1673.55,456.17,50.39,143.49,-1,-1,-1,-1
224,75,-67.82,257.35,288.93,749.21,-1,-1,-1,-1
225,75,-29.59,269.35,276.42,725.42,-1,-1,-1,-1
228,76,1265.55,482.32,52.77,154.36,-1,-1,-1,-1
229,76,1271.28,476.17,56.26,166.50,-1,-1,-1,-1
228,77,18.12,209.03,307.84,765.45,-1,-1,-1,-1
229,77,46.15,239.41,299.78,752.87,-1,-1,-1,-1
232,78,102.96,224.61,298.08,765.46,-1,-1,-1,-1
233,78,129.27,238.37,277.77,722.12,-1,-1,-1,-1
234,78,163.07,240.31,273.81,717.76,-1,-1,-1,-1
235,78,192.31,235.63,278.80,728.06,-1,-1,-1,-1
236,78,215.26,240.48,265.65,702.71,-1,-1,-1,-1
237,78,263.80,257.15,247.10,668.94,-1,-1,-1,-1
238,78,291.53,270.92,240.59,657.30,-1,-1,-1,-1
239,78,312.73,263.96,245.57,671.08,-1,-1,-1,-1
240,78,322.07,256.11,259.68,686.85,-1,-1,-1,-1
241,78,347.44,254.01,255.84,674.60,-1,-1,-1,-1
242,78,368.24,259.22,247.76,664.65,-1,-1,-1,-1
243,78,393.02,259.12,245.44,665.63,-1,-1,-1,-1
244,78,407.44,246.64,248.10,675.15,-1,-1,-1,-1
245,78,419.66,243.82,256.42,696.75,-1,-1,-1,-1
246,78,438.65,243.14,250.56,682.53,-1,-1,-1,-1
247,78,463.87,241.99,247.13,667.93,-1,-1,-1,-1
248,78,490.09,261.72,243.38,660.98,-1,-1,-1,-1
249,78,505.97,264.16,243.83,655.44,-1,-1,-1,-1
250,78,524.19,259.66,240.69,649.61,-1,-1,-1,-1
251,78,546.67,257.49,242.54,653.82,-1,-1,-1,-1
252,78,657.62,289.27,212.78,573.61,-1,-1,-1,-1
253,78,692.48,311.13,190.04,514.57,-1,-1,-1,-1
254,78,702.68,321.81,185.61,508.59,-1,-1,-1,-1
234,79,1278.15,507.52,46.04,136.62,-1,-1,-1,-1
234,80,1439.87,449.44,75.28,219.23,-1,-1,-1,-1
236,81,1418.57,427.81,83.99,247.67,-1,-1,-1,-1
237,81,1409.08,427.19,86.48,249.53,-1,-1,-1,-1
238,81,1408.09,428.20,85.67,248.26,-1,-1,-1,-1
239,81,1402.80,436.95,82.88,242.34,-1,-1,-1,-1
240,81,1387.62,435.95,80.33,233.52,-1,-1,-1,-1
241,81,1387.79,443.49,78.54,229.43,-1,-1,-1,-1
242,81,1380.32,445.36,78.26,229.57,-1,-1,-1,-1
243,81,1376.23,442.59,73.27,219.71,-1,-1,-1,-1
244,81,1376.40,445.35,72.39,214.81,-1,-1,-1,-1
245,81,1366.76,441.62,75.49,222.57,-1,-1,-1,-1
246,81,1356.51,439.86,77.99,225.55,-1,-1,-1,-1
247,81,1355.00,438.22,78.57,227.84,-1,-1,-1,-1
248,81,1350.21,441.92,76.14,220.64,-1,-1,-1,-1
249,81,1344.87,449.42,72.76,219.10,-1,-1,-1,-1
250,81,1340.65,439.14,78.22,228.58,-1,-1,-1,-1
251,81,1337.28,434.67,84.05,237.24,-1,-1,-1,-1
252,81,1323.81,441.03,79.29,223.15,-1,-1,-1,-1
253,81,1315.76,437.20,80.73,229.78,-1,-1,-1,-1
254,81,1326.42,454.86,72.95,209.81,-1,-1,-1,-1
255,81,1310.08,443.55,75.82,217.79,-1,-1,-1,-1
256,81,1299.01,435.18,82.67,233.92,-1,-1,-1,-1
257,81,1297.38,433.92,83.09,235.68,-1,-1,-1,-1
258,81,1289.79,431.24,83.34,237.78,-1,-1,-1,-1
259,81,1288.90,435.70,83.10,234.08,-1,-1,-1,-1
260,81,1282.97,433.58,81.96,234.93,-1,-1,-1,-1
261,81,1277.12,417.65,91.23,254.13,-1,-1,-1,-1
262,81,1342.03,442.39,74.94,215.46,-1,-1,-1,-1
237,82,1296.50,489.00,54.40,155.62,-1,-1,-1,-1
240,83,1571.21,426.70,81.58,234.83,-1,-1,-1,-1
240,84,1492.92,395.64,110.66,310.52,-1,-1,-1,-1
241,84,1513.60,398.30,101.31,289.95,-1,-1,-1,-1
242,84,1523.66,403.31,97.11,280.70,-1,-1,-1,-1
243,84,1531.19,401.41,98.71,285.52,-1,-1,-1,-1
244,84,1530.55,398.92,99.60,290.90,-1,-1,-1,-1
245,84,1531.21,397.70,100.09,293.03,-1,-1,-1,-1
246,84,1538.59,398.44,100.01,291.06,-1,-1,-1,-1
247,84,1539.83,397.62,98.85,292.46,-1,-1,-1,-1
248,84,1547.14,402.11,97.81,283.52,-1,-1,-1,-1
249,84,1548.27,398.48,95.76,277.49,-1,-1,-1,-1
250,84,1548.80,395.44,96.46,283.10,-1,-1,-1,-1
251,84,1556.11,395.31,97.51,283.69,-1,-1,-1,-1
252,84,1565.50,408.40,92.10,268.31,-1,-1,-1,-1
253,84,1564.09,399.52,97.59,288.42,-1,-1,-1,-1
254,84,1570.95,400.63,97.80,286.89,-1,-1,-1,-1
255,84,1571.67,401.42,97.50,286.49,-1,-1,-1,-1
256,84,1581.59,413.46,93.55,275.01,-1,-1,-1,-1
257,84,1587.20,412.27,96.43,276.81,-1,-1,-1,-1
258,84,1585.08,398.02,102.04,293.71,-1,-1,-1,-1
259,84,1588.59,403.18,96.51,280.77,-1,-1,-1,-1
260,84,1597.15,408.69,94.35,269.95,-1,-1,-1,-1
261,84,1596.83,398.37,95.44,275.58,-1,-1,-1,-1
262,84,1595.36,391.60,97.28,275.01,-1,-1,-1,-1
243,85,1871.01,445.35,55.59,163.28,-1,-1,-1,-1
243,86,1585.24,420.99,85.34,244.04,-1,-1,-1,-1
247,87,1634.48,454.56,65.00,192.94,-1,-1,-1,-1
248,87,1624.89,441.04,71.64,203.86,-1,-1,-1,-1
249,87,1631.71,439.27,72.61,206.42,-1,-1,-1,-1
250,87,1629.86,427.20,76.81,217.39,-1,-1,-1,-1
251,87,1633.18,435.10,70.58,200.16,-1,-1,-1,-1
252,87,1630.11,430.35,75.72,211.28,-1,-1,-1,-1
252,88,563.03,255.61,257.97,656.84,-1,-1,-1,-1
253,88,578.82,257.00,258.39,654.26,-1,-1,-1,-1
254,88,599.58,271.27,233.40,626.06,-1,-1,-1,-1
255,88,628.68,280.75,224.01,607.93,-1,-1,-1,-1
256,88,645.47,278.68,222.71,612.27,-1,-1,-1,-1
257,88,658.54,270.08,228.28,629.47,-1,-1,-1,-1
258,88,670.81,275.80,219.79,602.14,-1,-1,-1,-1
259,88,686.18,275.21,220.19,601.91,-1,-1,-1,-1
260,88,695.64,269.91,217.36,596.93,-1,-1,-1,-1
261,88,713.66,274.45,211.18,587.76,-1,-1,-1,-1
262,88,720.43,271.34,214.55,593.84,-1,-1,-1,-1
254,89,1637.84,437.18,74.62,211.31,-1,-1,-1,-1
255,89,1637.58,438.65,75.96,209.97,-1,-1,-1,-1
257,90,1833.96,379.89,99.69,297.10,-1,-1,-1,-1
258,90,1836.23,384.45,96.45,287.32,-1,-1,-1,-1
259,90,1845.39,401.04,90.97,268.26,-1,-1,-1,-1
260,90,1831.21,377.96,107.82,316.76,-1,-1,-1,-1
261,90,1830.77,377.19,106.76,317.85,-1,-1,-1,-1
262,90,1830.99,381.78,104.95,310.03,-1,-1,-1,-1
259,91,-24.34,527.44,72.59,192.79,-1,-1,-1,-1
262,92,1276.77,416.59,92.84,255.09,-1,-1,-1,-1
